0 117.9022 114.7982 159.6107 129.8353 164.1027 168.0909
117.9022 0 20.33971 111.3424 45.7627 172.8498 173.9021
114.7982 20.33971 0 131.0554 65.9242 189.2689 190.6371
159.6107 111.3424 131.0554 0 66.05868 82.12426 80.53632
129.8353 45.7627 65.9242 66.05868 0 134.6643 134.9166
164.1027 172.8498 189.2689 82.12426 134.6643 0 5.014339
168.0909 173.9021 190.6371 80.53632 134.9166 5.014339 0
