0 100.6924 94.64551 82.13767 75.07242 94.76413
100.6924 0 9.013878 27.80288 39.43666 195.3951
94.64551 9.013878 0 18.82153 30.4795 189.4017
82.13767 27.80288 18.82153 0 11.67262 176.2051
75.07242 39.43666 30.4795 11.67262 0 168
94.76413 195.3951 189.4017 176.2051 168 0
