0 139.3503 105.4659 36.89414 144.3902 92.63151 191.424
139.3503 0 46.80834 135.2632 145.4617 158.3891 97.10749
105.4659 46.80834 0 112.5389 158.4284 150.6767 137.4923
36.89414 135.2632 112.5389 0 109.0358 56.25957 168.4152
144.3902 145.4617 158.4284 109.0358 0 67.85605 104.4733
92.63151 158.3891 150.6767 56.25957 67.85605 0 156.8729
191.424 97.10749 137.4923 168.4152 104.4733 156.8729 0
