0 28.37386 28.57709 173.9657 50.03843 185.4789 182.9599 160.3991 179.2568
28.37386 0 56.6876 202.3388 56.29387 213.72 211.0095 183.2055 202.9775
28.57709 56.6876 0 146.0701 63.28547 158.3672 156.4804 143.8987 161.0132
173.9657 202.3388 146.0701 0 183.0027 20.74247 29.01724 112.2776 107.0504
50.03843 56.29387 63.28547 183.0027 0 189.4551 184.1413 136.6062 157.8018
185.4789 213.72 158.3672 20.74247 189.4551 0 11.1018 102.45 93.78766
182.9599 211.0095 156.4804 29.01724 184.1413 11.1018 0 91.80005 82.71289
160.3991 183.2055 143.8987 112.2776 136.6062 102.45 91.80005 0 21.85362
179.2568 202.9775 161.0132 107.0504 157.8018 93.78766 82.71289 21.85362 0
