0 36.49227 185.46 127.0834 136.5283 143.4474 176.8698
36.49227 0 215.824 144.0642 157.9377 163.4742 199.0386
185.46 215.824 0 104.1752 80.91518 84.36713 64.88612
127.0834 144.0642 104.1752 0 23.30054 22.76558 59.09049
136.5283 157.9377 80.91518 23.30054 0 9.317599 41.10667
143.4474 163.4742 84.36713 22.76558 9.317599 0 36.7126
176.8698 199.0386 64.88612 59.09049 41.10667 36.7126 0
