0 37.87006 78.74551 33.93937 107.5161 113.2284 119.4787 154.2833
37.87006 0 111.126 4.270343 75.51232 142.7057 148.1322 157.6143
78.74551 111.126 0 106.8666 158.5125 36.24841 43.29789 125.6056
33.93937 4.270343 106.8666 0 77.66951 138.5335 143.9937 155.2878
107.5161 75.51232 158.5125 77.66951 0 179.7422 182.7329 139.9885
113.2284 142.7057 36.24841 138.5335 179.7422 0 7.339517 113.8577
119.4787 148.1322 43.29789 143.9937 182.7329 7.339517 0 110.5823
154.2833 157.6143 125.6056 155.2878 139.9885 113.8577 110.5823 0
