0 51.35542 62.7892 79.12671 143.2812 157.7239 174.6406 176.5195
51.35542 0 38.53805 127.4581 193.61 194.8301 225.9951 227.706
62.7892 38.53805 0 141.0825 202.1168 172.1167 227.3202 226.468
79.12671 127.4581 141.0825 0 67.87223 157.3094 108.8896 115.6412
143.2812 193.61 202.1168 67.87223 0 158.2449 49.18392 61.31775
157.7239 194.8301 172.1167 157.3094 158.2449 0 139.8955 127.9465
174.6406 225.9951 227.3202 108.8896 49.18392 139.8955 0 15.09525
176.5195 227.706 226.468 115.6412 61.31775 127.9465 15.09525 0
