0 102.1226 109.3752 109.093 122.3169 120.9033 147.6255 116.6285 126.2389
102.1226 0 209.925 62.22108 221.0778 73.03313 161.8197 99.01986 114.4793
109.3752 209.925 0 199.5386 17.65045 207.8834 179.9441 188.1542 189.6128
109.093 62.22108 199.5386 0 206.273 13.22661 103.3296 38.49636 53.59469
122.3169 221.0778 17.65045 206.273 0 213.7741 177.4396 191.7738 191.8198
120.9033 73.03313 207.8834 13.22661 213.7741 0 98.19104 33.92947 47.48483
147.6255 161.8197 179.9441 103.3296 177.4396 98.19104 0 64.94689 50.72931
116.6285 99.01986 188.1542 38.49636 191.7738 33.92947 64.94689 0 15.46302
126.2389 114.4793 189.6128 53.59469 191.8198 47.48483 50.72931 15.46302 0
