0 94.17723 83.32952 103.9642 108.2018 102.5787
94.17723 0 177.4403 19.69353 22.41406 22.02273
83.32952 177.4403 0 186.0953 190.3063 184.3285
103.9642 19.69353 186.0953 0 4.237924 3.828838
108.2018 22.41406 190.3063 4.237924 0 6.670832
102.5787 22.02273 184.3285 3.828838 6.670832 0
