0 133.9074 92.41688 146.8391 153.0179 161.7006 166.2574
133.9074 0 83.24854 53.39433 128.6256 124.7244 113.3705
92.41688 83.24854 0 63.94138 179.6065 181.5153 176.4758
146.8391 53.39433 63.94138 0 180.6239 177.5978 166.721
153.0179 128.6256 179.6065 180.6239 0 13.89448 30.92269
161.7006 124.7244 181.5153 177.5978 13.89448 0 18.03164
166.2574 113.3705 176.4758 166.721 30.92269 18.03164 0
