0 110.7332 108.187 107.4514 112.3878 113.5228 76.34036 69.97152 128.9895
110.7332 0 12.392 14.40989 76.18388 189.1536 152.7386 180.7 238.8967
108.187 12.392 0 2.061553 86.75521 180.1412 156.0681 177.9621 234.9162
107.4514 14.40989 2.061553 0 88.29804 178.3948 156.2626 177.1475 233.8903
112.3878 76.18388 86.75521 88.29804 0 220.5271 109.8519 171.5797 232.9854
113.5228 189.1536 180.1412 178.3948 220.5271 0 177.1391 106.2014 113.6437
76.34036 152.7386 156.0681 156.2626 109.8519 177.1391 0 85.23057 139.8268
69.97152 180.7 177.9621 177.1475 171.5797 106.2014 85.23057 0 61.47179
128.9895 238.8967 234.9162 233.8903 232.9854 113.6437 139.8268 61.47179 0
