0 100.3528 95.53295 93.54223 96.66975 93.93592
100.3528 0 7.15697 9.433981 9.617692 11.7047
95.53295 7.15697 0 2.357023 3.659083 4.714045
93.54223 9.433981 2.357023 0 3.807887 3.162278
96.66975 9.617692 3.659083 3.807887 0 2.915476
93.93592 11.7047 4.714045 3.162278 2.915476 0
