0 128.6262 89.70044 89.04425 85.22426 83.22315
128.6262 0 39.59798 42.60575 46.90682 48.02343
89.70044 39.59798 0 7.158911 10.01249 9.708244
89.04425 42.60575 7.158911 0 4.301163 5.830952
85.22426 46.90682 10.01249 4.301163 0 2.54951
83.22315 48.02343 9.708244 5.830952 2.54951 0
