0 32.45292 59.62468 7.220274 11.8135 70.56794 95.93786 35.33807 95.74261 107.6284 93.53585 92.50845 100.994 100.833 100.2413 97.32669 103.7806 119.7499 131.5065 140.126 140.7263 154.8553 121.7158 160.6242 159.7449 164.989 140.9735 170.3083 152.999 155.2296 140.9769 142.2325 177.6098 155.4683 179.7255 184.3766 183.4994 166.8995 183.2654
32.45292 0 87.39555 25.23307 20.66431 38.66732 126.5136 59.41362 126.0451 77.98703 123.2153 121.6891 130.3368 128.6211 127.6946 123.595 129.3092 139.0785 103.9969 113.8097 115.0112 130.3667 137.3244 137.9167 138.4644 143.5786 153.4686 150.6857 166.1983 159.6993 139.8065 138.065 160.4639 151.2219 163.9597 169.9239 167.9142 163.0608 174.5426
59.62468 87.39555 0 65.39229 68.92512 119.796 41.88779 28.68985 40.69897 147.6719 36.74377 34.64662 43.32086 41.39447 40.67373 37.88083 44.6622 67.5426 164.5953 169.852 169.0919 179.4387 75.56549 180.9839 177.2381 182.3156 98.14315 183.5712 107.967 125.0251 122.7892 129.3723 185.3465 141.0574 184.5813 186.3086 187.7058 150.5034 174.3922
7.220274 25.23307 65.39229 0 4.609772 63.41204 102.6158 39.62323 102.3438 100.859 99.95999 98.79176 107.3359 106.75 106.066 102.8229 109.0974 123.5178 125.1476 134.0009 134.7145 149.1015 124.5655 155.2262 154.6254 159.8547 143.1477 165.5412 155.3829 155.5822 140 140.6023 173.3603 153.8755 175.764 180.6975 179.5835 165.4358 180.7928
11.8135 20.66431 68.92512 4.609772 0 58.80491 106.7157 42.40578 106.3884 96.41025 103.8809 102.6161 111.1946 110.3184 109.573 106.1148 112.2637 125.6553 120.9123 129.8942 130.6723 145.2032 126.109 151.5346 151.1001 156.318 144.2307 162.2228 156.5873 155.4827 139.0728 139.2596 170.3525 152.5409 172.9313 178.0357 176.7767 164.1714 178.8809
70.56794 38.66732 119.796 63.41204 58.80491 0 160.8144 91.11678 160.012 41.58091 156.4875 154.4234 163.0851 159.657 158.3904 153.1539 157.9091 160.787 69.72959 80.85526 82.85324 99.30869 155.1693 108.9735 111.4164 116.1474 167.1013 125.3368 180.0471 163.912 138.5899 133.3387 137.9532 145.53 143.0866 150.4915 147.1172 157.2064 162.1264
95.93786 126.5136 41.88779 102.6158 106.7157 160.8144 0 70 2.692582 189.5594 8.602325 12.70089 12.04159 22.74985 24.73863 31.31755 36.79107 71.81809 206.1279 210.9864 210.0524 219.6862 86.88242 220.3616 216.0116 220.9624 109.3172 221.1144 115.2824 144.5334 150.2332 159.1006 221.1452 169.2688 219.4015 219.9928 222.2099 177.1017 203.7736
35.33807 59.41362 28.68985 39.62323 42.40578 91.11678 70 0 69.04528 120.139 65.37584 63.33492 72.00694 69.36057 68.35203 64.20311 70.07582 84.43739 138.7095 144.8974 144.5061 156.0933 87.15057 159.0187 156.2082 161.4097 107.379 164.1586 118.983 126.0077 116.6619 120.5529 168.1067 133.2983 168.5141 171.5065 171.9513 143.9618 164.3916
95.74261 126.0451 40.69897 102.3438 106.3884 160.012 2.692582 69.04528 0 188.3242 6.020797 10.11496 9.708244 20.11149 22.07374 28.6265 34.11825 69.13561 204.6135 209.3538 208.3801 217.881 84.19109 218.4376 214.0216 218.9576 106.6255 219.0085 112.6123 141.8645 147.6965 156.6246 218.9128 166.7405 217.1111 217.6427 219.9011 174.5287 201.2629
107.6284 77.98703 147.6719 100.859 96.41025 41.58091 189.5594 120.139 188.3242 0 183.9834 181.2966 189.7103 184.2575 182.6257 176.2509 179.7014 174.7595 28.89631 40.76913 43.44585 60.26705 165.2903 71.56591 75.82376 79.92948 171.9908 90.8093 184.4826 158.8708 129.5709 120.9499 105.7494 131.0545 112.334 120.8851 116.2568 141.7373 139.3214
93.53585 123.2153 36.74377 99.95999 103.8809 156.4875 8.602325 65.37584 6.020797 183.9834 0 4.100305 7.81025 15.34782 17.02939 22.96822 28.88594 63.72451 199.7902 204.3386 203.3027 212.6005 78.48921 212.9874 208.4826 213.3985 101.0408 213.3224 107.2996 135.9847 141.6757 150.6154 213.0852 160.7199 211.2274 211.7078 214.0006 168.5141 195.2442
92.50845 121.6891 34.64662 98.79176 102.6161 154.4234 12.70089 63.33492 10.11496 181.2966 4.100305 0 8.678277 12.49139 13.83158 19.11989 25.35502 59.97471 196.7304 201.1288 200.0445 209.1801 74.54329 209.4303 204.8531 209.7519 97.16127 209.5692 103.5901 131.9322 137.5857 146.5531 209.2084 156.6327 207.2988 207.7297 210.0561 164.4151 191.1638
100.994 130.3368 43.32086 107.3359 111.1946 163.0851 12.04159 72.00694 9.708244 189.7103 7.81025 8.678277 0 11.62851 13.89244 21.50382 25.79387 60.79267 204.8062 209.0126 207.8581 216.7181 76.4911 216.6825 211.9292 216.7808 98.54567 216.2801 103.9886 134.7308 142.1302 151.5586 215.4448 161.2208 213.2838 213.4224 215.952 168.5823 195.857
100.833 128.6211 41.39447 106.75 110.3184 159.657 22.74985 69.36057 20.11149 184.2575 15.34782 12.49139 11.62851 0 2.357023 10.39686 14.19538 49.24736 198.0774 201.7551 200.4318 208.6881 64.8631 208.1379 203.1105 207.8862 86.94906 206.9504 92.58507 123.1488 131.081 140.7571 205.5736 150.1757 203.1696 203.0547 205.755 157.3422 184.8423
100.2413 127.6946 40.67373 106.066 109.573 158.3904 24.73863 68.35203 22.07374 182.6257 17.02939 13.83158 13.89244 2.357023 0 8.06468 12.06578 47.12761 196.2332 199.8281 198.4792 206.6455 62.61434 206.0236 200.9602 205.7255 84.77175 204.7357 90.54464 120.8473 128.7245 138.4088 203.2985 147.8192 200.8706 200.7337 203.4484 154.9871 182.4862
97.32669 123.595 37.88083 102.8229 106.1148 153.1539 31.31755 64.20311 28.6265 176.2509 22.96822 19.11989 21.50382 10.39686 8.06468 0 7.448702 40.88001 189.2392 192.6048 191.1878 199.1183 55.565 198.3214 193.1759 197.9179 78.07273 196.8159 84.51352 113.4121 120.7478 130.3703 195.2763 139.8425 192.8203 192.6695 195.3915 147.1026 174.501
103.7806 129.3092 44.6622 109.0974 112.2637 157.9091 36.79107 70.07582 34.11825 179.7014 28.88594 25.35502 25.79387 14.19538 12.06578 7.448702 0 35.06497 191.7235 194.6525 193.0961 200.4709 50.77173 199.1796 193.7631 198.4156 72.75644 196.8341 78.49469 109.2435 118.3092 128.416 194.6341 137.3804 191.8545 191.3368 194.3056 144.1732 172.0616
119.7499 139.0785 67.5426 123.5178 125.6553 160.787 71.81809 84.43739 69.13561 174.7595 63.72451 59.97471 60.79267 49.24736 47.12761 40.88001 35.06497 0 181.6421 182.429 180.2493 184.9699 17.58559 181.5459 175.0705 179.2778 37.86794 175.774 43.63955 75.97201 89.77326 101.2839 171.0604 108.3709 167.1283 165.3207 169.12 113.653 142.67
131.5065 103.9969 164.5953 125.1476 120.9123 69.72959 206.1279 138.7095 204.6135 28.89631 199.7902 196.7304 204.8062 198.0774 196.2332 189.2392 191.7235 181.6421 0 12.22756 15.57276 32.06291 169.8794 44.38067 50.07283 53.46397 172.7594 65.36553 184.5344 153.1681 122.4021 111.7932 81.66195 119.7272 89.16655 98.32524 92.87866 129.1529 121.3183
140.126 113.8097 169.852 134.0009 129.8942 80.85526 210.9864 144.8974 209.3538 40.76913 204.3386 201.1288 209.0126 201.7551 199.8281 192.6048 194.6525 182.429 12.22756 0 4.031129 19.83739 169.7865 32.3561 38.56488 41.62755 171.0263 53.81624 182.4074 148.8955 117.8824 106.5892 70.50086 113.4684 78.3023 87.62647 81.90543 122.2467 112.2472
140.7263 115.0112 169.0919 134.7145 130.6723 82.85324 210.0524 144.5061 208.3801 43.44585 203.3027 200.0445 207.8581 200.4318 198.4792 191.1878 193.0961 180.2493 15.57276 4.031129 0 16.82155 167.3775 28.80862 34.71311 37.93064 168.2 49.99021 179.48 145.5259 114.4902 103.0776 66.57609 109.7678 74.33034 83.63683 77.9503 118.4441 108.2339
154.8553 130.3667 179.4387 149.1015 145.2032 99.30869 219.6862 156.0933 217.881 60.26705 212.6005 209.1801 216.7181 208.6881 206.6455 199.1183 200.4709 184.9699 32.06291 19.83739 16.82155 0 171.0441 13.41735 21.33531 23.07482 169.597 35.80189 180.2122 143.4659 112.5531 100.3155 53.13541 105.1275 61.49017 71.03757 64.79482 112.5562 98.62621
121.7158 137.3244 75.56549 124.5655 126.109 155.1693 86.88242 87.15057 84.19109 165.2903 78.48921 74.54329 76.4911 64.8631 62.61434 55.565 50.77173 17.58559 169.8794 169.7865 167.3775 171.0441 0 166.8725 160.0694 164.1027 23.07536 159.9988 32.49096 58.76101 72.45612 84.21137 154.5798 90.91936 150.367 148.2722 152.2448 96.07058 125.136
160.6242 137.9167 180.9839 155.2262 151.5346 108.9735 220.3616 159.0187 218.4376 71.56591 212.9874 209.4303 216.6825 208.1379 206.0236 198.3214 199.1796 181.5459 44.38067 32.3561 28.80862 13.41735 166.8725 0 8.901915 9.662063 163.7235 22.42489 173.7979 135.3607 104.8285 92.19552 39.83319 95.70582 48.30526 57.88069 51.51656 102.2941 86.48423
159.7449 138.4644 177.2381 154.6254 151.1001 111.4164 216.0116 156.2082 214.0216 75.82376 208.4826 204.8531 211.9292 203.1105 200.9602 193.1759 193.7631 175.0705 50.07283 38.56488 34.71311 21.33531 160.0694 8.901915 0 5.257994 156.1802 15.29298 166.0268 127.0418 96.69023 83.95237 32.08874 87.06647 40.24922 49.76298 43.66062 93.47727 77.67604
164.989 143.5786 182.3156 159.8547 156.318 116.1474 220.9624 161.4097 218.9576 79.92948 213.3985 209.7519 216.7808 207.8862 205.7255 197.9179 198.4156 179.2778 53.46397 41.62755 37.93064 23.07482 164.1027 9.662063 5.257994 0 159.6954 12.79096 169.3322 129.7405 99.67139 86.82413 30.24965 89.24842 38.81722 48.40254 41.94179 95.11363 77.8107
140.9735 153.4686 98.14315 143.1477 144.2307 167.1013 109.3172 107.379 106.6255 171.9908 101.0408 97.16127 98.54567 86.94906 84.77175 78.07273 72.75644 37.86794 172.7594 171.0263 168.2 169.597 23.07536 163.7235 156.1802 159.6954 0 153.9286 12.95238 40.3524 61.89709 74.74122 146.1998 78.42523 140.9122 137.4971 142.2621 81.1742 110.9678
170.3083 150.6857 183.5712 165.5412 162.2228 125.3368 221.1144 164.1586 219.0085 90.8093 213.3224 209.5692 216.2801 206.9504 204.7357 196.8159 196.8341 175.774 65.36553 53.81624 49.99021 35.80189 159.9988 22.42489 15.29298 12.79096 153.9286 0 162.9388 121.978 92.78414 79.7914 17.4815 80.63149 26.14383 35.72194 29.17208 85.41602 66.11287
152.999 166.1983 107.967 155.3829 156.5873 180.0471 115.2824 118.983 112.6123 184.4826 107.2996 103.5901 103.9886 92.58507 90.54464 84.51352 78.49469 43.63955 184.5344 182.4074 179.48 180.2122 32.49096 173.7979 166.0268 169.3322 12.95238 162.9388 0 44.38605 70.20577 83.20367 154.2352 85.19798 148.462 144.3824 149.5306 86.32043 116.0791
155.2296 159.6993 125.0251 155.5822 155.4827 163.912 144.5334 126.0077 141.8645 158.8708 135.9847 131.9322 134.7308 123.1488 120.8473 113.4121 109.2435 75.97201 153.1681 148.8955 145.5259 143.4659 58.76101 135.3607 127.0418 129.7405 40.3524 121.978 44.38605 0 31.05461 43.20412 111.672 41.94017 105.3188 100.6197 106.0823 41.9516 71.69312
140.9769 139.8065 122.7892 140 139.0728 138.5899 150.2332 116.6619 147.6965 129.5709 141.6757 137.5857 142.1302 131.081 128.7245 120.7478 118.3092 89.77326 122.4021 117.8824 114.4902 112.5531 72.45612 104.8285 96.69023 99.67139 61.89709 92.78414 70.20577 31.05461 0 13 84.31699 19.09488 79.07591 76.1334 80.56209 27.73085 53.76886
142.2325 138.065 129.3723 140.6023 139.2596 133.3387 159.1006 120.5529 156.6246 120.9499 150.6154 146.5531 151.5586 140.7571 138.4088 130.3703 128.416 101.2839 111.7932 106.5892 103.0776 100.3155 84.21137 92.19552 83.95237 86.82413 74.74122 79.7914 83.20367 43.20412 13 0 71.47182 13.28145 66.48308 64.06248 68.14873 25.01999 45.07114
177.6098 160.4639 185.3465 173.3603 170.3525 137.9532 221.1452 168.1067 218.9128 105.7494 213.0852 209.2084 215.4448 205.5736 203.2985 195.2763 194.6341 171.0604 81.66195 70.50086 66.57609 53.13541 154.5798 39.83319 32.08874 30.24965 146.1998 17.4815 154.2352 111.672 84.31699 71.47182 0 69.73996 8.859319 18.3353 11.69253 72.64938 50.25899
155.4683 151.2219 141.0574 153.8755 152.5409 145.53 169.2688 133.2983 166.7405 131.0545 160.7199 156.6327 161.2208 150.1757 147.8192 139.8425 137.3804 108.3709 119.7272 113.4684 109.7678 105.1275 90.91936 95.70582 87.06647 89.24842 78.42523 80.63149 85.19798 41.94017 19.09488 13.28145 69.73996 0 63.43814 59.21625 64.35698 11.86726 34.68236
179.7255 163.9597 184.5813 175.764 172.9313 143.0866 219.4015 168.5141 217.1111 112.334 211.2274 207.2988 213.2838 203.1696 200.8706 192.8203 191.8545 167.1283 89.16655 78.3023 74.33034 61.49017 150.367 48.30526 40.24922 38.81722 140.9122 26.14383 148.462 105.3188 79.07591 66.48308 8.859319 63.43814 0 9.585573 4.031129 65.37584 41.71743
184.3766 169.9239 186.3086 180.6975 178.0357 150.4915 219.9928 171.5065 217.6427 120.8851 211.7078 207.7297 213.4224 203.0547 200.7337 192.6695 191.3368 165.3207 98.32524 87.62647 83.63683 71.03757 148.2722 57.88069 49.76298 48.40254 137.4971 35.72194 144.3824 100.6197 76.1334 64.06248 18.3353 59.21625 9.585573 0 7.088784 59.59521 33.70055
183.4994 167.9142 187.7058 179.5835 176.7767 147.1172 222.2099 171.9513 219.9011 116.2568 214.0006 210.0561 215.952 205.755 203.4484 195.3915 194.3056 169.12 92.87866 81.90543 77.9503 64.79482 152.2448 51.51656 43.66062 41.94179 142.2621 29.17208 149.5306 106.0823 80.56209 68.14873 11.69253 64.35698 4.031129 7.088784 0 65.56867 40.58011
166.8995 163.0608 150.5034 165.4358 164.1714 157.2064 177.1017 143.9618 174.5287 141.7373 168.5141 164.4151 168.5823 157.3422 154.9871 147.1026 144.1732 113.653 129.1529 122.2467 118.4441 112.5562 96.07058 102.2941 93.47727 95.11363 81.1742 85.41602 86.32043 41.9516 27.73085 25.01999 72.64938 11.86726 65.37584 59.59521 65.56867 0 29.8331
183.2654 174.5426 174.3922 180.7928 178.8809 162.1264 203.7736 164.3916 201.2629 139.3214 195.2442 191.1638 195.857 184.8423 182.4862 174.501 172.0616 142.67 121.3183 112.2472 108.2339 98.62621 125.136 86.48423 77.67604 77.8107 110.9678 66.11287 116.0791 71.69312 53.76886 45.07114 50.25899 34.68236 41.71743 33.70055 40.58011 29.8331 0
