0 95.59852 88.27568 88.4609 79.67229 126.5524
95.59852 0 9.100365 14.63338 68.00408 218.7935
88.27568 9.100365 0 7.087839 59.5625 210.4647
88.4609 14.63338 7.087839 0 53.37868 208.7806
79.67229 68.00408 59.5625 53.37868 0 176.0491
126.5524 218.7935 210.4647 208.7806 176.0491 0
