0 72.85251 124.9662 138.2195 125.9197 157.591
72.85251 0 181.2462 191.5725 112.1333 196.2062
124.9662 181.2462 0 15.28354 141.8053 57.81444
138.2195 191.5725 15.28354 0 143.2953 46.0278
125.9197 112.1333 141.8053 143.2953 0 121.5931
157.591 196.2062 57.81444 46.0278 121.5931 0
