0 62.61266 103.1053 102.0502 102.9589 135.5606 99.58108 110.2939
62.61266 0 139.1276 114.7279 116.7776 192.1177 147.787 157.5877
103.1053 139.1276 0 203.0099 203.5497 182.3674 32.03904 183.7609
102.0502 114.7279 203.0099 0 2.54951 130.1998 192.4747 80.87885
102.9589 116.7776 203.5497 2.54951 0 128.2568 192.6292 78.85993
135.5606 192.1177 182.3674 130.1998 128.2568 0 154.6397 49.59381
99.58108 147.787 32.03904 192.4747 192.6292 154.6397 0 161.8133
110.2939 157.5877 183.7609 80.87885 78.85993 49.59381 161.8133 0
