0 132.6213 71.13044 57.77886 41.54431 40.46489 47.16119 126.6321
132.6213 0 73.53725 85.90857 167.1039 160.6105 163.7017 134.2388
71.13044 73.53725 0 14.05126 111.8184 108.4708 113.8777 141.1653
57.77886 85.90857 14.05126 0 98.89894 96.09883 101.8176 139.3725
41.54431 167.1039 111.8184 98.89894 0 9.794966 14.54317 125.5594
40.46489 160.6105 108.4708 96.09883 9.794966 0 7.29446 115.8061
47.16119 163.7017 113.8777 101.8176 14.54317 7.29446 0 112.1807
126.6321 134.2388 141.1653 139.3725 125.5594 115.8061 112.1807 0
