0 189.5114 31 4.123106 14.14214 7.211103 4.472136 13.60147 24.33105 30.41381 30.59412 26.92582 32.28002 31.01612 13.60147 31.01612 32.2374 13.0384 31.7805 22.41093 30.88689 22.62742 33.55965 31.48115 25.10478 46.35191 22.80351 34.66987 38.01316 53.28392 28.16026 57.3062 46.2277 49.90491 34.88553 31.01612 34.53983 36.76955 36.13862 167.4167 55.69785 37.10795 37.64306 40.7707 39.21734 40.16217 39.56008 48.01042 41.4367 58 44.72136 40.4475 65.43699 48.62355 47.41308 45.69464 51.88449 47.29693 52.3474 55.00909 51.72584 51.41984 54.25173 55.0248 51.78803 51.47815 54.12947 77.15569 64.69759 68.2943 65.3395 61.29437 66.09841 83.75811 66.00758 66.27217 68.46897 71.70077 81.02469 84.53402 76.02631 95.80188 78.08969 77.10383 82.86133 80.09994 81.65323 92.70383 85.28775 85.76786 96.44918 86.513 104.3072 89 91.59148 95.52487 97.74457 98.56597 121.8534 128.7051 117.047 137.5213 140.4279 139.4579 214.6183 204.0602 203.008 146.932 150.4161 154.3146 158.2403 164.9242 164.7574 164.125 167.6007 166.6763 172.3514 179.6218 178.986 182.8018 180.5796 185.7444 191.6667 193.582 255.7973 257.6354 201.6479 259.7865 203.973 248.3163 251.1275 253.7893 203.6296 211.4233 269.0103 271.2803 302.4297 264.1212 228.2323 256.442 232.6908 315.0496 230.7219 280.2731 229.0196 278.1834 284.1285 234.3374 280.6795 244.3645 278.8871 277.6563 278.6916 286.6756 287.9028 275.2331 289.5583 246.1759 248.1149 248.6202 251.0541 279.1774 295.9747 297.0606 287.5135 285.9545 300.1216 287.5709 328.4968 261.8229 322.5601 306.4719 311.8269 320.9751 308.4421 318.1336 333.1201 304.6588 319.889 321.1261 323.4497 319.5559 288.5013 347.8304 342.8542 343.373 346.7809 349.6741 345.8916 323.4146 344.4706 347.7393 348.6732 356.4323 347.1059 314.7713 349.1848 350.2942 318.5498 358.9875 298.3056 319.188 318.7703 325.5704 358.4428
189.5114 0 180.4017 190.1001 182.9045 188.1368 186.56 181.3121 178.1694 198.164 174.7726 174.7596 195.2341 192.4896 176.3696 170.1454 191.0358 177.8873 168.2046 170.4092 188.0306 168.9791 165.1732 185.1592 181.3659 193.6033 167.7398 162.3908 158.9885 184.5131 165.1098 149.4924 181.2819 182.1457 168.6546 160.6687 166.2797 165.0544 153.7252 166.1693 179.6387 160.8253 152.022 163.0933 150.3328 161.1053 160.0859 168.4937 148.1033 176.2176 163.1415 150.3957 181.3164 164.0226 162.5973 160.3717 160.4741 142.8542 158.0895 158.6463 139.839 138.7994 153.2095 149.4476 147.9348 146.8785 136.5063 170.4375 153.8494 154.245 151.6303 131.6845 125.3205 152.2952 129.9139 127.3346 124.6035 121.0067 144.9719 148.606 120.9858 161.0146 129.2237 119.0412 135.7886 116.5539 120.685 140.4598 119.2387 113.196 144.2423 114.5927 153.663 111.7031 122.3446 119.5611 123.3278 117.8896 151.6276 70.23902 128.2406 137.092 141.0735 135.4007 109.863 96.06578 92.7843 134.3163 129.9849 132.084 128.9655 136.0161 124.4961 122.523 124.0455 121.0751 126.5387 128.0004 126.0027 130.4032 124.9212 134.8691 123.7663 127.1587 104.763 105.0628 134.3768 106.3335 136.8904 86.99545 89.37633 92.52395 89.94686 91.56131 98.67421 104.8316 148.1504 91.29572 46.63727 73.9591 48.31982 157.727 112.9387 106.598 85.2075 101.2756 108.701 110.5742 102.9307 58.90065 98.24638 95.7801 97.31608 108.1124 110.9706 91.59591 112.0972 125.2491 72.24076 77.60401 75.48716 93.48191 115.8929 117.4553 103.2303 100.5419 120.1126 100.5594 157.1333 102.5358 142.5264 120.215 127.3809 139.3819 121.8694 135.0441 154.0348 116.0382 135.2543 136.0947 138.9086 133.6486 158.5373 171.0402 163.8976 163.6862 168.2467 172.1146 166.6065 136.5578 164.2656 167.8547 169.4274 179.2983 166.2599 125.3042 168.38 169.8482 129.1935 180.0574 168.4304 129.8725 129.7699 136.0615 175.7401
31 180.4017 0 35.01428 17.11724 37.21559 33.24154 18.43909 8.062258 61.20457 6.082763 8.602325 62.64982 61 25.4951 11.18034 61.88093 34.53983 13.15295 19.44865 59.90826 21.93171 16.07016 59.69977 52.03124 75.79248 24.75884 19.10497 22 80.63899 44.04543 33.83785 73.00685 76.81471 56.30275 43.13931 54.40588 56.40035 41.34005 137.4332 81.84284 53.8145 41.18252 60.12695 41.14608 58.13777 56.63921 70.72482 42.54409 83.24062 64.81512 47.16991 91.67879 69.60065 67.62396 64.53681 71.70077 50.15974 71.17057 74.41102 56.59119 53.48832 71.07215 70.04053 64.81512 63.60031 56.64804 100.6876 83.21124 87.23022 83.09182 65.9242 67.72001 102.7988 72.49828 70.5762 71.7844 74.04053 97.8366 102.5914 81.34494 116.9316 88.68484 81.59657 96.83491 84.43341 89.09686 108.8531 93.10746 90.60146 113.7077 92.404 123.7457 94.24436 102 105.5462 109.2749 108.4493 140.5214 114.0175 130.9236 153.0614 156.6046 154.6367 191.0026 181.5789 180.8819 161.6972 164.3046 168.434 171.677 179.2456 177.1779 176.2385 179.8249 178.4433 184.7647 191.888 190.9686 195.2652 192.3018 198.7259 202.5449 204.8634 235.8077 237.8003 213.4718 240 216.0046 230.2433 233.0064 235.4782 208.3699 215.8299 251.8056 253.2548 281.4725 247.5823 222.5242 242.5253 226.2742 294.2928 236.7695 263.454 230.7054 262.1774 267.6162 239.6351 264.8245 237.7415 263.8655 263.0361 263.8939 270.8969 271.6708 261.2494 273.4246 252.5427 244.4013 246.0508 247.4921 265.9267 280.4318 281.3574 273.5343 272.4647 284.4785 274.8381 310.1386 262.1188 306.5453 293.0802 297.5315 305.4865 295.1923 303.2161 316.6607 292.8822 305.5651 306.9609 309.04 305.8251 294.9871 330.5102 326.2208 326.9557 329.9697 332.5432 329.3175 310.1548 328.2027 331.3278 332.0512 339.0944 331.0144 304.3058 333.054 334.0314 307.7093 342.1418 305.0873 309.9742 310.0943 315.365 342.8837
4.123106 190.1001 35.01428 0 18.02776 3.605551 3.605551 17.26268 28.16026 26.30589 34.36568 30.59412 28.16026 26.92582 15.6205 34.48188 28.18244 12.36932 35.1141 25.12469 26.92582 25 36.7049 27.65072 21.63909 42.29066 24.75884 37.58989 40.81666 49.45884 27.01851 60.37384 42.52058 46.15734 32.31099 30.41381 32.28002 34.48188 36.40055 171.0898 52.03124 35.35534 38.07887 38.422 39.81206 38.07887 37.65634 44.94441 42.04759 54.45181 42.15448 40.26164 61.7171 45.83939 44.77723 43.32436 49.24429 47.43416 49.86231 52.39275 51.43989 51.5461 52.06006 53.10756 50.24938 50.08992 54.12024 73.75636 62.10833 65.60827 62.85897 60.82763 65.96969 80.95001 65.19202 65.76473 68.06614 71.38627 78.54935 81.85964 75.23962 92.65528 76.53104 76.41989 80.77747 79.40403 80.50621 90.24965 84.05355 84.94484 93.82312 85.53654 101.3558 88.09086 89.94443 93.90421 95.90099 96.94457 118.9506 130.2075 114.7911 134.9831 137.8006 136.9617 217.2004 206.4838 205.3807 144.4715 148.0608 151.921 155.9263 162.4838 162.5608 161.9691 165.4237 164.56 170.1411 177.4176 176.8191 180.5672 178.4433 183.4394 189.6201 191.4811 257.8105 259.6247 199.4665 261.7671 201.7622 250.06 252.8755 255.5621 202.3561 210.1811 270.6127 272.9982 304.5554 265.6332 228.3002 257.5937 232.8476 317.1392 229.2406 281.812 228.1074 279.6087 285.6209 232.9485 282.0815 244.5343 280.1732 278.8871 279.9464 288.0624 289.3527 276.377 290.9931 244.6358 247.8911 248.2438 250.8068 280.216 297.3214 298.4292 288.6468 287.0209 301.4797 288.5308 330.2271 261.0541 323.9568 307.5093 312.9872 322.298 309.4584 319.3775 334.5744 305.4734 321.0483 322.2623 324.6188 320.6322 286.9075 349.4009 344.3283 344.8159 348.2786 351.2165 347.3557 324.4226 345.8916 349.1792 350.1428 358.0014 348.5004 315.3982 350.5838 351.7115 319.2256 360.4844 296.6669 319.6404 319.1497 326.1542 359.7558
14.14214 182.9045 17.11724 18.02776 0 20.09975 16.12452 2.236068 10.19804 44.10215 16.49242 13 45.54119 43.93177 10.81665 17.49286 44.86925 18.60108 18.60108 12.5 43.01163 14.14214 20.8866 42.9891 35.55629 58.86 16 22.67157 26.24881 64.31997 31.06445 44.40721 56.82429 60.61765 41.72529 31.7805 40.36087 42.52058 33.37664 153.3373 65.94126 41.04875 34.1321 46.47849 35.01428 45 43.82921 55.97321 37 67.6757 50.9902 38.83298 75.80237 55.51802 53.8145 51.22499 58.13777 44.10215 58.01939 61.07373 49.74497 48.04165 58.79838 58.56478 54.12947 53.31041 51.08816 85.91275 70.40202 74.28848 70.62046 59.5399 63.03174 89.97379 65.30697 64.49806 66.27217 69.11584 85.98256 90.21086 74.96666 103.2763 79.71198 75.66373 86.31338 78.63841 81.73891 97.41663 85.61542 84.64115 101.7895 85.90984 110.8873 88.11924 93.30059 97.08244 100.09 100.0862 128.1025 119.5701 120.7477 142.1881 145.4373 143.9462 202.4278 192.2547 191.3276 151.2382 154.2887 158.3193 161.9136 169.068 167.9434 167.1556 170.6986 169.5435 175.5591 182.7786 182 186.0658 183.4693 189.2749 194.172 196.2906 244.9699 246.8684 204.6441 249.0402 207.0773 238.2121 241.0083 243.6001 203.2265 210.885 259.27 261.2221 291.28 254.637 223.1815 247.997 227.3434 303.984 230.9986 270.6972 227.2664 268.9275 274.6782 234.2691 271.4866 238.9519 270.0259 268.9554 269.9204 277.5199 278.5678 266.7869 280.2642 246.6339 243.9775 244.9898 246.9891 271.0351 286.9233 287.9462 279.0842 277.7229 291.0344 279.6516 318.3604 259.5019 313.3449 298.3035 303.2952 311.9695 300.334 309.3558 323.736 297.1548 311.3535 312.6564 314.8826 311.2619 289.0822 338.1154 333.4082 334.0135 337.267 340.0353 336.4714 315.3173 335.1716 338.3853 339.2359 346.716 337.8794 307.8262 339.9441 341.0015 311.4514 349.4682 299.0389 312.7763 312.5868 318.7461 349.4385
7.211103 188.1368 37.21559 3.605551 20.09975 0 4 19 30 24.02082 36.05551 32.14032 25.4951 24.04163 15.65248 35.69314 25.16446 10.29563 36.13862 25.53919 23.70654 25.05993 37.47332 24.27061 18.06239 39.27467 24.41311 38.07887 41.14608 46.07539 24.18677 60.92618 39.05125 42.71417 28.79236 27.89265 28.86174 31.04835 34.43835 172.4163 48.54122 32.14032 36.23534 34.96069 38.07887 34.71311 34.36568 41.34005 40.31129 50.91169 38.62642 37.94733 58.25805 42.26405 41.23106 39.84972 45.69464 45.31004 46.34922 48.8467 49.00574 49.39636 48.63384 49.78207 47.09565 47.01064 51.86521 70.17834 58.5643 62.04389 59.34012 58.24946 63.60031 77.36417 62.39391 63.15061 65.51336 68.88396 75.02666 78.29432 72.44308 89.05055 73.33485 73.68175 77.36924 76.65507 77.50645 86.72946 81.00617 82.11653 90.26504 82.62264 97.7548 85.2115 86.70063 90.66973 92.57429 93.70832 115.3527 129.0155 111.3194 131.4386 134.2386 133.426 217.0369 206.1502 204.9933 140.9433 144.5579 148.4082 152.4336 158.9591 159.1006 158.5213 161.9691 161.1242 166.6763 173.954 173.3667 177.0946 175 179.9472 186.2045 188.0479 257.0452 258.8359 196.0082 260.9693 198.2952 249.0402 251.8591 254.5683 199.2511 207.0899 269.4604 271.9504 303.8939 264.4012 225.9602 256.0557 230.5667 316.44 226.0384 280.6011 225.1799 278.2984 284.3685 229.7869 280.7508 242.2602 278.7436 277.4112 278.4906 286.7175 288.0625 274.8295 289.6895 241.4071 245.3589 245.6176 248.2595 278.5821 295.9409 297.0673 287.0888 285.4085 300.1083 286.8327 329.1829 258.2 322.6159 305.8709 311.4482 320.8941 307.8027 317.9072 333.2822 303.6593 319.5074 320.7024 323.0857 319.0235 283.6538 348.2097 343.0525 343.5127 347.0231 350 346.0708 322.7584 344.5693 347.873 348.8624 356.8081 347.1549 313.4406 349.242 350.3855 317.3043 359.2269 293.3944 317.5547 317.0118 324.1636 358.3396
4.472136 186.56 33.24154 3.605551 16.12452 4 0 15 26 28.01785 32.06244 28.16026 29.42788 27.89265 12.20656 31.7805 28.93527 9.055385 32.28002 21.91461 27.313 21.63331 33.70831 27.65976 20.93442 43.01744 21.26029 34.43835 37.58989 49.39278 24.02082 57.27128 42.2019 45.91841 30.41381 27.16616 30.08322 32.31099 32.89377 168.4991 51.61637 32.75668 34.53983 36.30771 36.24914 35.73514 35.17101 43.60046 38.48376 53.8145 40.24922 36.87818 61.40033 44.16163 42.94182 41.23106 47.41308 43.9659 47.87745 50.53712 48.09951 48.08326 49.81215 50.64159 47.51842 47.26521 50.69517 72.86288 60.2255 63.82354 60.87076 57.55867 62.58594 79.29413 62.07254 62.514 64.77654 68.06614 76.55717 80.06248 72.11103 91.40022 73.82412 73.24616 78.44743 76.23647 77.55804 88.23831 81.15417 81.83596 91.97705 82.50152 99.8599 85.02353 87.29834 91.24144 93.39165 94.28282 117.3978 126.6057 112.6055 133.0518 135.9559 134.9907 213.806 203.035 201.9164 142.4675 145.9623 149.8566 153.7921 160.4618 160.3278 159.7028 163.1748 162.2621 167.9196 175.1913 174.5623 178.3662 176.1619 181.2981 187.2684 189.1719 254.2602 256.0703 197.2221 258.2112 199.542 246.4731 249.289 251.9782 199.4919 207.2997 267.0145 269.4086 301.0259 262.0305 224.8777 253.9931 229.4014 313.6021 226.4998 278.2104 225.0555 276.0036 282.0175 230.1521 278.4762 241.085 276.5683 275.2835 276.3422 284.4569 285.7481 272.7769 287.3882 241.9321 244.5588 244.9653 247.4825 276.6225 293.7158 294.8237 285.0474 283.4255 297.8741 284.9439 326.6383 257.9365 320.3514 303.9161 309.3865 318.6926 305.8668 315.7737 330.9698 301.9023 317.4476 318.6628 321.0177 317.0363 284.2389 345.8005 340.7242 341.2111 344.6752 347.6147 343.7514 320.8317 342.2864 345.5743 346.5386 354.4009 344.8949 311.8541 346.9784 348.1063 315.6739 356.8809 294.0276 316.1281 315.6525 322.6175 356.1506
13.60147 181.3121 18.43909 17.26268 2.236068 19 15 0 11 43.01163 17.11724 13.34166 44.28318 42.57934 8.602325 17.46425 43.44249 16.64332 18.35756 10.96586 41.48494 12.36932 20.40221 41.3529 33.81198 57.36288 14.03567 21.93171 25.45584 62.54833 28.84441 44.10215 55.00909 58.80901 39.62323 29.54657 38.20995 40.36087 31.257 153.8478 64.06442 38.83298 32.06244 44.30858 33 42.80187 41.6173 53.90733 35.01428 65.73431 48.83646 36.67424 73.92564 53.38773 51.66237 49.0408 55.97321 42.04759 55.83234 58.89822 47.62943 46.01087 56.57959 56.33165 51.89412 51.07837 49.0408 83.86895 68.20639 72.10024 68.41235 57.42822 61.0082 87.78583 63.15061 62.39391 64.19502 67.06713 83.76157 88.00568 72.83543 101.1385 77.49194 73.5527 84.07735 76.53104 79.56287 95.18929 83.43261 82.52045 99.57298 83.76455 108.706 85.98837 91.08238 94.86833 97.86215 97.87364 125.9057 118.3385 118.5116 139.9563 143.2096 141.7127 201.9356 191.6461 190.6836 149.0034 152.0526 156.0833 159.6778 166.8323 165.7106 164.9242 168.4666 167.3141 173.3263 180.5464 179.7693 183.8328 181.2402 187.0401 191.9491 194.0644 244.1173 246.002 202.4143 248.1693 204.8463 237.2003 240 242.6067 201.102 208.7682 258.1879 260.2038 290.509 253.5054 221.4159 246.683 225.6103 303.1934 228.8453 269.5849 225.2221 267.7555 273.5426 232.1314 270.3035 237.2277 268.7843 267.6864 268.6634 276.3308 277.4112 265.4755 279.1003 244.474 242.1239 243.0905 245.1292 269.6757 285.7166 286.7508 277.7715 276.3784 289.8344 278.2589 317.3635 257.5 312.1698 296.9512 302.0017 310.7571 298.9724 308.1039 322.5926 295.7026 310.0613 311.3535 313.5959 309.9306 286.9197 337.0356 332.277 332.8663 336.1488 338.941 335.3357 313.9554 334.0135 337.2375 338.1035 345.6371 336.7083 306.2972 338.7757 339.8426 309.9435 348.3518 296.8708 311.1784 310.9606 317.2019 348.2287
24.33105 178.1694 8.062258 28.16026 10.19804 30 26 11 0 54.00926 6.324555 3.605551 55.22681 53.46027 17.46425 8.602325 54.25173 26.57066 10.29563 11.92686 52.17279 14.42221 13.20038 51.85617 44.11632 68.06247 17.20465 15.81139 19.31321 72.65146 36.12478 35.38361 65 68.8077 48.25971 35.4683 46.40043 48.41487 34.43835 143.1494 73.79871 45.96738 34.53983 52.17519 34.78505 50.24938 48.79549 62.68174 36.40055 75.17978 56.85068 40.24922 83.63014 61.61372 59.66574 56.63921 63.78087 43.9659 63.31074 66.52819 50.21516 47.53946 63.366 62.49499 57.42822 56.30275 50.69517 92.65528 75.43062 79.43201 75.37407 59.77458 62.16912 95.04105 66.12866 64.56005 65.96969 68.44706 90.27181 94.92102 75.28612 109.0413 81.84131 75.69016 89.58795 78.58753 82.74811 101.4002 86.72946 84.72382 106.1498 86.35103 116 88.32327 95.27329 98.89894 102.4207 101.8393 132.8768 113.1592 123.8225 145.7948 149.2649 147.4195 193.5071 183.6243 182.7902 154.5477 157.28 161.3846 164.7301 172.1859 170.3907 169.4963 173.0722 171.7586 177.9916 185.1486 184.2715 188.5007 185.6475 191.888 196.0411 198.2978 237.0069 238.9477 206.8314 241.1327 209.3347 230.7834 233.5658 236.1038 202.9803 210.5189 252.0863 253.805 283.0536 247.6449 219.4949 241.7737 223.4301 295.8112 231.1696 263.6228 225.9779 262.0878 267.6915 234.1837 264.6904 234.9681 263.473 262.5205 263.4331 270.7451 271.6616 260.5403 273.3862 246.9013 240.917 242.2973 243.9758 265.0057 280.216 281.1921 272.8369 271.6211 284.2974 273.7755 310.8462 257.7348 306.498 292.2277 296.9512 305.2753 294.3 302.8283 316.7602 291.563 305 306.3495 308.5034 305.0836 289.3644 330.8927 326.3817 327.0489 330.1893 332.8663 329.4617 309.2782 328.2499 331.4221 332.2123 339.4878 331.0083 302.6301 333.0616 334.0808 306.1405 342.3799 299.4165 307.9627 307.9391 313.6273 342.7204
30.41381 198.164 61.20457 26.30589 44.10215 24.02082 28.01785 43.01163 54.00926 0 60.00833 56.0357 4.123106 6.082763 38.47077 59.3043 8.01561 30.08322 59.5399 48.34511 10.44031 47.29693 60.50826 13.36273 17.32772 18.39837 45.88028 60.63827 63.32456 29.02433 35.4683 83.24062 24.73863 27.21213 29.52965 40.45986 31.90611 33.12099 49.20366 195.8158 33.42529 37.44329 51.40039 35.38714 53.60037 37.12142 38.07887 34.05877 55.60576 37 36.40055 50.20956 41.67733 37.40655 37.85499 38.8973 41.4367 57.98276 43.24639 44.28318 59.2289 61.55485 47.41571 50.35236 50.56679 51.42956 63.12686 56.46238 53.01677 55.36947 54.58251 66.57327 73.23933 68.60738 68.42514 70.83078 73.57309 77.17513 69.06519 70.5762 77.87811 76.89603 73.97973 79.62412 74.16873 82.34683 80.48136 80.30567 83.24062 86.76765 82.36572 86.33945 86.97701 89.19641 85.98837 89.94443 90.27181 92.8453 104.5144 144.2567 105.4751 123.0736 125.1599 125.3336 236.381 224.8605 223.4888 132.9812 137.2953 140.8119 145.3444 150.8807 152.7416 152.4533 155.7081 155.2933 160.125 167.3589 167.0359 170.2542 168.8609 172.5862 180.5578 182.0137 273.7193 275.3924 189.3504 277.4779 191.4158 264.4731 267.3013 270.1185 198.4943 206.4554 284.1313 287.1724 320.9558 278.6485 232.8626 268.5377 237.9286 333.3035 223.75 294.9203 226.4178 292.0633 298.4452 228.0548 294.3909 249.6177 291.8099 290.2034 291.4001 300.2598 301.9156 287.1903 303.4617 238.6399 250.4915 249.874 253.2397 290.3877 309.2507 310.4835 299.3476 297.3298 313.4613 298.1979 344.2981 260.0793 336.0952 317.5689 323.7607 334.006 319.3846 330.6267 347.0216 314.2006 331.7891 332.8618 335.4073 330.8791 280.3156 362.4928 356.8669 357.1694 360.946 364.1387 359.8277 334.2484 358.1131 361.504 362.6403 371.0647 360.5586 322.9489 362.6638 363.897 327.0612 373.1179 289.7262 326.1073 325.1684 333.4045 371.3034
30.59412 174.7726 6.082763 34.36568 16.49242 36.05551 32.06244 17.11724 6.324555 60.00833 0 4.123106 61.07373 59.21149 22.56103 5.09902 59.91035 31.7805 7.071068 14.84082 57.70615 17.20465 10.01249 57.21942 49.35838 73.56969 20 13.0384 16.03122 77.60609 39.66106 29.73214 69.89278 73.69193 52.35456 38.28838 50.24938 52.15362 35.80503 136.8451 78.46177 49.20366 35.51056 55.75168 35.35534 53.60037 52.00961 66.7308 36.67424 79.62412 60.46487 41.6173 88.23831 65.31654 63.24555 60 67.20119 44.28318 66.53007 69.81404 50.75985 47.53946 66.16079 64.92378 59.5483 58.25805 50.69517 96.56604 78.39501 82.43853 78.17448 60.00833 61.68468 97.91819 66.64083 64.62198 65.78754 68.00735 92.69844 97.58074 75.39231 112.2943 83.00602 75.61085 91.40022 78.43469 83.21809 103.5857 87.23531 84.6057 108.547 86.44362 118.8276 88.25531 96.25487 99.76472 103.5857 102.6511 135.4483 108.8531 125.3635 147.608 151.2085 149.1459 187.6832 177.9566 177.1729 156.157 158.6852 162.8281 166.012 173.6433 171.4322 170.4729 174.0632 172.6528 179.0112 186.1182 185.181 189.5059 186.4966 193 196.6828 199.0226 231.6857 233.6493 207.6581 235.841 210.2023 225.7632 228.5366 231.0433 202.2993 209.7547 247.1968 248.783 277.5781 242.8662 216.6887 237.4416 220.4836 290.3623 230.7153 258.7914 224.6286 257.3908 262.9087 233.568 260.0173 231.9698 258.9401 258.0562 258.9382 266.0822 266.9232 256.186 268.6634 246.4925 238.4722 240.075 241.5572 260.7758 275.5885 276.5375 268.4772 267.3462 279.6516 269.6312 305.7551 256.0649 301.783 287.9601 292.5269 300.6476 290.056 298.2968 311.9695 287.5778 300.5678 301.9437 304.0554 300.7524 288.9337 325.9601 321.5603 322.2623 325.3383 327.9634 324.649 305.0262 323.4872 326.6353 327.3912 334.5504 326.2737 298.8729 328.32 329.3175 302.3144 337.5204 299.0389 304.429 304.5037 309.9114 338.0699
26.92582 174.7596 8.602325 30.59412 13 32.14032 28.16026 13.34166 3.605551 56.0357 4.123106 0 57.03508 55.14526 18.43909 5 55.82338 27.65863 6.708204 11.01136 53.60037 13.45362 9.656604 53.09955 45.23549 69.45862 16.27882 12.36932 15.81139 73.4963 35.80503 31.89044 65.78754 69.58807 48.37355 34.65545 46.32494 48.25971 32.75668 140.5061 74.38582 45.45327 32.64966 51.90617 32.69557 49.81967 48.27007 62.76942 34.17601 75.58439 56.61272 38.58756 84.17244 61.44306 59.40539 56.22277 63.41136 41.78516 62.80326 66.06815 48.15665 45.22168 62.57995 61.47992 56.22277 55 48.38388 92.64988 74.76259 78.79368 74.6006 57.58472 59.66574 94.32632 64.07808 62.29767 63.60031 65.96969 89.27486 94.06912 73.05477 108.5772 80.13114 73.37575 88.23265 76.24303 80.69232 100.2646 84.69357 82.39918 105.1417 84.12194 115.2606 86.02325 93.47727 97.04638 100.7224 99.96124 131.982 109.5901 122.3315 144.4591 148.0034 146.036 190.0316 180.0987 179.2519 153.1013 155.7241 159.8499 163.1104 170.6605 168.6476 167.72 171.3038 169.9412 176.2385 183.3712 182.4637 186.7418 183.8097 190.1841 194.1025 196.4001 233.4186 235.3572 204.9851 237.5416 207.509 227.1783 229.9609 232.4995 200.4495 207.955 248.4813 250.1999 279.4851 244.043 216.2337 238.2068 220.1318 292.2383 228.7363 260.0192 223.1883 258.4898 264.0896 231.683 261.0939 231.6571 259.8865 258.9401 259.85 267.1492 268.0616 256.9713 269.787 244.4886 237.7604 239.2091 240.8272 261.4517 276.6225 277.5968 269.2675 268.0616 280.7027 270.2332 307.2425 254.8318 302.8993 288.6694 293.3752 301.682 290.7447 299.2424 313.1581 288.0451 301.4233 302.7755 304.9252 301.5178 286.9453 327.2873 322.7786 323.4471 326.5854 329.2613 325.8589 305.7221 324.649 327.8203 328.6092 335.8824 327.4088 299.1521 329.4617 330.48 302.65 338.7757 297.0206 304.5291 304.5267 310.1573 339.1257
32.28002 195.2341 62.64982 28.16026 45.54119 25.4951 29.42788 44.28318 55.22681 4.123106 61.07373 57.03508 0 2.828427 39.05125 60.03332 4.272002 30.26549 60.13319 48.75705 7.211103 47.51842 60.90361 10.07782 15.53222 14.91643 45.89118 60.82763 63.34824 25.04114 33.83785 83.19856 20.61553 23.11926 26.62705 38.83298 29.20616 30.23243 47.70744 196.1596 29.34706 34.82815 49.92995 32.20637 52.15362 34.1321 35.22783 30.14963 54.08327 32.89377 32.89377 48.27007 37.73592 33.63406 34.20526 35.4683 37.65634 55.97321 39.53796 40.4475 56.82484 59.4138 43.82066 46.89116 47.41308 48.37355 60.82763 52.39275 49.05552 51.34307 50.65817 63.82006 70.60453 64.49571 65.36819 67.95587 70.72482 74.33034 65.03076 66.48308 74.68601 72.8011 70.34202 76.47876 70.25667 79.15807 77.0211 76.23647 79.69944 83.44534 78.25883 82.92466 82.86133 85.79627 82.20097 86.14523 86.37129 89.02949 100.4054 142.2146 101.4002 118.9514 121.0372 121.2126 235.1276 223.453 222.0298 128.8604 133.1803 136.6931 141.2303 146.7583 148.6371 148.3543 151.6047 151.1985 156.016 163.2483 162.9294 166.14 164.7574 168.4666 176.4618 177.9101 271.8221 273.4703 185.2365 275.5449 187.2992 262.3376 265.166 268.0019 194.579 202.5436 281.847 284.986 319.1187 276.2933 229.5387 265.9032 234.6508 331.4201 219.7518 292.5696 222.6118 289.6204 296.0516 224.0803 291.9264 246.3331 289.2542 287.6056 288.82 297.7766 299.4829 284.5281 301.0149 234.6188 246.9838 246.2884 249.7168 287.6421 306.7263 307.9756 296.6648 294.598 310.9421 295.3862 342.0692 256.305 333.5881 314.7968 321.0763 331.4408 316.5952 328.0015 344.5533 311.27 329.0973 330.1515 332.7201 328.125 276.2674 360.1111 354.408 354.6844 358.5038 361.7319 357.3584 331.4408 355.6093 359.0134 360.1736 368.676 358.0314 319.8828 360.1389 361.3862 324.0247 370.667 285.6663 322.9257 321.9418 330.3022 368.7035
31.01612 192.4896 61 26.92582 43.93177 24.04163 27.89265 42.57934 53.46027 6.082763 59.21149 55.14526 2.828427 0 37 58 2.061553 28.07134 58.03447 46.59667 4.472136 45.27693 58.71329 7.386643 12.77693 15.44345 43.56604 58.54912 61 24.47087 31.06445 80.80842 19.31321 22.14723 23.85372 36.05551 26.40076 27.45906 44.94441 193.8887 28.41215 32.01562 47.16991 29.51694 49.39636 31.38471 32.44996 28.01785 51.31277 31.7805 30.36445 45.45327 37.20215 31.32491 31.7805 32.89377 35.35534 53.15073 37.16517 38.20995 54.00058 56.58622 41.35517 44.33891 44.72136 45.65085 58 51.42956 47.00118 49.42447 48.54122 61.03278 67.80118 62.90091 62.64982 65.19202 67.95587 71.56116 63.12686 64.77654 72.01389 71.69379 67.91171 73.79024 68.11755 76.48529 74.47315 74.43118 77.20104 80.82775 76.62318 80.35235 81.59657 83.21658 79.9062 83.86298 84.21401 86.76549 99.19299 139.3879 99.60924 117.4682 119.6411 119.7017 232.3812 220.682 219.2516 127.346 131.5941 135.1481 139.6352 145.279 146.9728 146.6595 149.9333 149.4824 154.3794 161.623 161.2762 164.5433 163.0859 166.9281 174.7497 176.2385 269.0005 270.6474 183.6352 272.7215 185.7229 259.5092 262.3376 265.1735 192.4396 200.399 279.0209 282.1578 316.3004 273.4703 226.9273 263.1055 232.0194 328.5989 217.7528 289.7464 220.3361 286.8031 293.2308 222.036 289.1107 243.7047 286.4472 284.8034 286.0157 294.9626 296.6648 281.7344 298.1979 232.6683 244.4688 243.8237 247.2111 284.8614 303.9161 305.1639 293.8741 291.815 308.1315 292.6175 339.2417 253.9966 330.7764 312.0208 318.286 328.6351 313.8224 325.203 341.7382 308.5271 326.3081 327.3652 329.9303 325.346 274.3835 357.2898 351.5921 351.8707 355.6867 358.9122 354.5434 328.6716 352.7974 356.2003 357.3584 365.8552 355.2218 317.1766 357.329 358.575 321.3098 367.8505 283.8155 320.2577 319.2906 327.6073 365.902
13.60147 176.3696 25.4951 15.6205 10.81665 15.65248 12.20656 8.602325 17.46425 38.47077 22.56103 18.43909 39.05125 37 0 21 37.5533 9.219544 21.09502 9.962429 35.22783 9.433981 22.07374 34.66356 26.80019 51.05389 9.219544 22.47221 25.4951 55.20283 20.24846 45.31004 47.53946 51.34686 31.241 21.18962 29.69848 31.82766 24.02082 157.3507 56.34936 30.23243 25.17936 35.75262 26.4764 34.20526 33.01515 45.60702 28.63564 57.80138 40.31129 29.06888 66.18912 44.91381 43.13931 40.45986 47.42362 35.12834 47.24669 50.32892 40.26242 39.20459 47.98177 47.78452 43.46263 42.72002 42.10701 75.60423 59.61077 63.51203 59.81012 50.03998 54.14795 79.19731 55.44367 55.03635 57 60.03332 75.16648 79.40403 65.27634 92.63369 69.26038 66.1211 75.58439 69.11584 71.68856 86.60831 75.50497 75.01083 90.97313 76.09533 100.1249 78.40918 82.86133 86.68333 89.5377 89.70089 117.3084 115.1086 110.0227 131.3942 134.6291 133.1634 201.6036 190.8635 189.761 140.4706 143.5618 147.5805 151.2118 158.3193 157.3086 156.5439 160.0781 158.9591 164.9242 172.154 171.3972 175.4266 172.8872 178.6001 183.6621 185.7444 242.2979 244.125 194.0521 246.2722 196.4688 234.7296 237.5416 240.2082 193.4942 201.2036 255.4093 257.6897 288.9924 250.5215 215.6409 242.9249 219.9864 301.5912 221.0581 266.6721 218.0573 264.5921 270.5299 224.4393 267.0917 231.6398 265.3243 264.1098 265.1377 273.0903 274.3082 261.7179 275.9656 236.6441 235.9195 236.6622 238.8928 265.7085 282.3969 283.4784 274.0018 272.472 286.5414 274.1423 314.9088 250.5499 308.9725 293.0017 298.3035 307.402 294.9822 304.5817 319.5246 291.3177 306.3658 307.6118 309.9226 306.067 279.0684 334.229 329.2567 329.7787 333.1816 336.0729 332.295 309.9581 330.8791 334.1454 335.0761 342.8309 333.5184 301.5692 335.5965 336.7031 305.308 345.3882 288.9831 306.1405 305.7949 312.4029 344.8714
31.01612 170.1454 11.18034 34.48188 17.49286 35.69314 31.7805 17.46425 8.602325 59.3043 5.09902 5 60.03332 58 21 0 58.53418 30.06659 2 11.88486 56.14268 13.92839 5.024938 55.41266 47.44734 71.89228 16.55295 8 11.18034 75.20013 36.23534 27.01851 67.44627 71.22149 49.24429 34.4093 46.95743 48.76474 31.241 136.7235 75.74464 45.48626 30.80584 52.22308 30.52868 49.92995 48.25971 63.50591 31.76476 76.6942 56.93856 37.01351 85.44004 61.83243 59.68249 56.30275 63.51378 39.35734 62.71563 66.0303 45.87006 42.54409 62.09871 60.67551 55.17246 53.8145 45.69464 93.15042 74.39385 78.45239 74.08272 55.03635 56.61272 93.83243 61.7171 59.61543 60.74537 62.93648 88.39118 93.38094 70.38466 108.4066 78.23043 70.5762 86.83317 73.38937 78.27036 99.15644 82.29216 79.56208 104.2071 81.42788 114.6909 83.21658 91.41663 94.89468 98.79271 97.7663 131.1688 104.6948 120.6731 143.0016 146.6492 144.5078 185.1513 175.1625 174.3022 151.4761 153.9383 158.0917 161.2265 168.9083 166.5803 165.605 169.1981 167.7647 174.1522 181.2457 180.2942 184.6415 181.5957 188.1622 191.7362 194.0928 228.4234 230.3606 202.7492 232.5446 205.3022 222.1824 224.9644 227.5016 197.2029 204.6565 243.4952 245.204 274.5052 239.069 211.8584 233.312 215.6965 287.2547 225.6277 255.0392 219.545 253.5271 259.1154 228.4732 256.1347 227.2004 254.951 254.0177 254.9216 262.1918 263.0931 252.0719 264.8207 241.4071 233.5487 235.1042 236.6279 256.5814 271.6708 272.6408 264.3672 263.1805 275.7481 265.3846 302.2439 251.0105 297.9346 283.7904 288.4614 296.7305 285.8715 294.3077 308.1834 283.2402 296.508 297.8657 300.0067 296.6243 283.8464 322.298 317.8003 318.4729 321.6038 324.2746 320.8816 300.8471 319.678 322.8461 323.631 330.8927 322.4415 294.4164 324.4935 325.5088 297.8926 333.7933 293.9545 299.8683 299.9008 305.435 334.171
32.2374 191.0358 61.88093 28.18244 44.86925 25.16446 28.93527 43.44249 54.25173 8.01561 59.91035 55.82338 4.272002 2.061553 37.5533 58.53418 0 28.5 58.5 47.01064 3.201562 45.59879 59.07622 5.900212 12.34909 14.11559 43.78641 58.80689 61.16576 22.5809 30.45078 80.90272 17.26992 20.15564 22.5 35.41539 25.16446 26.10077 44.34242 194.1107 26.41969 30.8099 46.57521 27.9732 48.8083 29.95413 31.10064 26.04323 50.6779 29.75315 28.62254 44.60101 35.30227 29.42788 29.95413 31.19695 33.45519 52.24222 35.30581 36.28016 52.87071 55.59901 39.56008 42.61924 43.17696 44.16163 56.92319 49.41913 45.00772 47.39931 46.56716 59.70134 66.53007 60.84108 61.14941 63.79067 66.56763 70.173 61.10033 62.7236 70.43614 69.65809 66.09274 72.23746 66.15323 74.90828 72.74957 72.38957 75.43375 79.17781 74.56559 78.65272 79.54401 81.52454 78.00801 81.95883 82.25722 84.85281 97.14422 138.4025 97.56664 115.4066 117.5808 117.6403 231.7849 220.0086 218.5521 125.2847 129.5347 133.0874 137.5763 143.2175 144.9181 144.6072 147.8792 147.4322 152.3228 159.5658 159.2208 162.4846 161.0318 164.8674 172.6992 174.1845 268.0718 269.7059 181.5768 271.7743 183.6634 258.4594 261.2877 264.133 190.479 198.4403 277.8939 281.0805 315.3994 272.3073 225.2693 261.8 230.385 327.6736 215.7508 288.5849 218.4313 285.5946 292.0472 220.046 287.891 242.0666 285.1811 283.5159 284.7372 293.7332 295.4611 280.414 296.987 230.6552 242.7164 242.0315 245.4509 283.4982 302.6652 303.9215 292.5427 290.4587 306.8831 291.2203 338.1402 252.1081 329.5334 310.6433 316.9531 327.3626 312.436 323.9001 340.5147 307.0688 324.9712 326.0188 328.5957 323.9772 272.3573 356.1099 350.373 350.6383 354.476 357.7195 353.3189 327.2755 351.5555 354.965 356.1352 364.6714 353.9679 315.6489 356.0762 357.3293 319.7972 366.635 281.7836 318.6711 317.6811 326.0611 364.6108
13.0384 177.8873 34.53983 12.36932 18.60108 10.29563 9.055385 16.64332 26.57066 30.08322 31.7805 27.65863 30.26549 28.07134 9.219544 30.06659 28.5 0 30 18.52701 26.07681 17.26268 30.64719 25.44725 17.58551 41.86287 15.81139 30.59412 33.24154 46.09964 15.13275 53.16014 38.48376 42.29066 23.43075 18.11077 22.47221 24.69818 24.16609 165.9002 47.44734 24.35159 25.94224 28.72716 27.78489 27.73085 26.92582 37.48333 30.01666 49.09175 33.01515 27.89265 57.3062 37.32626 35.80503 33.61547 40.22437 35.1141 40.38874 43.26662 39.07765 39.21734 41.83599 42.31016 38.83298 38.47077 41.76123 67.35726 52.82466 56.58131 53.27523 48.50773 53.60037 72.21214 53.03772 53.46027 55.7315 59.03389 68.88396 72.71864 63.07139 85.04117 65.11528 64.19502 70.2282 67.18631 68.61669 80.49845 72.24957 72.80196 84.50904 73.5017 93.00538 76.00658 78.64477 82.56513 84.89994 85.6052 110.3959 118.8486 104.5466 125.3692 128.4134 127.2419 207.7619 196.6737 195.4565 134.6588 138.0036 141.9472 145.7738 152.6106 152.1611 151.4893 154.9839 154.0032 159.7655 167.0269 166.355 170.2366 167.9196 173.2541 178.9267 180.8867 247.1341 248.9056 189.0235 251.0319 191.3766 238.9498 241.7706 244.4934 190.5912 198.3852 259.296 261.8416 294.0646 254.2007 215.9352 245.7692 220.4926 306.5767 217.7036 270.4089 216.037 268.0672 274.1587 221.3052 270.5125 232.181 268.4772 267.1348 268.2182 276.4744 277.8381 264.5416 279.4602 233.17 235.5356 235.9195 238.4549 268.2872 285.6869 286.8188 276.7996 275.1145 289.8569 276.5375 319.0727 248.8941 312.3732 295.5757 301.1611 310.6332 297.5071 307.6313 323.0557 293.3752 309.22 310.4126 312.7992 308.7297 275.5085 338.0237 332.8318 333.2822 336.81 339.8029 335.8467 312.4628 334.3322 337.6413 338.6399 346.6208 336.9102 303.1914 338.9985 340.147 307.044 349.0129 285.3266 307.3581 306.8428 313.926 348.0751
31.7805 168.2046 13.15295 35.1141 18.60108 36.13862 32.28002 18.35756 10.29563 59.5399 7.071068 6.708204 60.13319 58.03447 21.09502 2 58.5 30 0 11.5434 56.0357 13.34166 3.041381 55.20473 47.21493 71.71123 15.81139 6 9.219544 74.70255 35.34119 25.80698 66.94027 70.70007 48.46648 33.28663 46.09772 47.85394 29.73214 136.3351 75.10826 44.41846 29.20616 51.23719 28.84441 48.8774 47.16991 62.64982 30.01666 75.96052 55.9464 35.4683 84.75848 60.85433 58.66856 55.22681 62.43397 37.58989 61.57313 64.89992 44.12553 40.71855 60.82968 59.30867 53.74012 52.34501 43.86342 92.17917 73.14673 77.21039 72.78908 53.22593 54.70832 92.53205 59.94164 57.77543 58.87274 61.03278 86.97701 92.02174 68.54196 107.2007 76.55064 68.70953 85.27602 71.51224 76.47385 97.67292 80.49845 77.68607 102.7705 79.57701 113.3578 81.34494 89.69392 93.15042 97.09789 96.01172 129.7584 102.8834 119.0378 141.4123 145.0862 142.9003 183.8614 173.7831 172.8966 149.8433 152.2662 156.4257 159.5306 167.2423 164.8423 163.8566 167.4515 166.003 172.4094 179.4937 178.5329 182.8948 179.8249 186.4323 189.9336 192.3018 226.8816 228.81 200.9724 230.9913 203.5313 220.538 223.3226 225.8694 195.2562 202.7035 241.8118 243.559 273.0234 237.3563 209.8762 231.5005 213.7218 285.7608 223.6982 253.3397 217.5592 251.7936 257.403 226.5304 254.3954 225.2288 253.1798 252.232 253.1423 260.4498 261.3695 250.2644 263.0931 239.4809 231.5534 233.1051 234.632 254.7509 269.9204 270.8967 262.5605 261.358 274.0018 263.5394 300.6183 249.0146 296.2043 281.9663 286.6671 294.9797 284.0431 292.5355 306.4719 281.3699 294.7151 296.0676 298.217 294.8118 281.9171 320.6244 316.0965 316.7602 319.9078 322.5926 319.1755 299.0201 317.9591 321.1333 321.927 329.2203 320.7156 292.515 322.7693 323.7901 296 332.0994 292.0295 297.9413 297.9639 303.5285 332.4248
22.41093 170.4092 19.44865 25.12469 12.5 25.53919 21.91461 10.96586 11.92686 48.34511 14.84082 11.01136 48.75705 46.59667 9.962429 11.88486 47.01064 18.52701 11.5434 0 44.51123 2.5 12.16553 43.66134 35.67212 60.16851 5.315073 12.53994 15.69235 63.31585 24.82438 35.38714 55.56303 59.34012 37.56661 23.69072 35.41539 37.31287 22.65502 147.4782 63.90618 34.44198 22.94014 40.92065 23.43608 38.81044 37.25923 51.9158 25.24381 64.93266 45.63168 28.42974 73.62914 50.47772 48.41746 45.21338 52.40468 32.65348 51.79286 55.05679 38.70158 36.41772 51.62364 50.63211 45.51099 44.37623 39.53796 81.72668 63.77587 67.80138 63.64354 48.38647 51.29571 83.35476 54.55502 53.25646 54.82928 57.4913 78.42353 83.14596 63.90814 97.56664 69.99464 64.43019 77.66112 67.36653 71.15125 89.50559 75.10826 73.45832 94.29932 74.94832 104.2988 77.01461 83.46406 87.12204 90.56075 90.07774 121.0826 107.4442 111.9029 133.8694 137.3472 135.4926 192.2115 181.6612 180.6239 142.6228 145.3694 149.4699 152.8341 160.2693 158.5379 157.6587 161.2304 159.9414 166.1423 173.3097 172.4478 176.6529 173.8397 180.0174 184.2951 186.5241 233.6547 235.517 195.026 237.6768 197.5177 226.5088 229.3126 231.938 191.946 199.5425 247.4132 249.502 280.1792 242.6814 210.735 235.7377 214.8726 292.8276 219.9621 258.7784 215.4884 256.8954 262.7139 223.0857 259.4345 226.4757 257.8745 256.7611 257.7445 265.4569 266.5638 254.5309 268.2466 235.6582 231.6382 232.7364 234.6603 258.7165 274.8295 275.8718 266.8263 265.4228 278.9521 267.2943 306.6845 247.5409 301.3059 285.9934 291.064 299.8654 288.0126 297.1872 311.7551 284.7389 299.1241 300.4118 302.6612 298.9787 278.1229 326.2595 321.4502 322.0252 325.3341 328.1497 324.5046 302.9955 323.1629 326.3957 327.2755 334.8615 325.847 295.3561 327.9165 328.9913 298.9937 337.5385 288.1389 300.2803 300.0871 306.2684 337.3381
30.88689 188.0306 59.90826 26.92582 43.01163 23.70654 27.313 41.48494 52.17279 10.44031 57.70615 53.60037 7.211103 4.472136 35.22783 56.14268 3.201562 26.07681 56.0357 44.51123 0 43.01163 56.50885 2.926175 9.340771 15.89025 41.10961 56.14268 58.42089 22.80351 27.29469 78.08969 16.64332 19.91231 19.41649 32.24903 22.02272 23.02173 41.18252 191.3767 26.10077 27.65863 43.41659 25.04496 45.65085 26.92582 28.01785 24.02082 47.50789 29.15476 25.96151 41.40048 35.38361 27.11549 27.45906 28.4605 31.14482 49.0408 32.88237 34.05877 49.69972 52.40229 36.98986 39.91362 40.24922 41.18252 53.74012 48.8774 43.03229 45.60824 44.5 56.61272 63.41136 59.45593 58.18075 60.74537 63.51378 67.1193 59.3043 61.18823 67.54258 68.8767 63.56099 69.31811 64.03124 72.01389 70.04463 70.71068 72.8011 76.36835 73.10571 75.91113 78.54935 78.77182 75.66373 79.6304 80.09994 82.54847 96.19381 135.2072 95.88535 114.1057 116.3873 116.3035 228.6154 216.8238 215.3631 123.9395 128.0976 131.7004 136.1249 141.9084 143.3771 143.028 146.3284 145.8252 150.8145 158.0696 157.6896 161.0233 159.4773 163.4778 171.0909 172.6268 264.8721 266.507 180.1052 268.5759 182.2224 255.2744 258.1027 260.9464 188.3215 196.2754 274.7265 277.9011 312.1985 269.1505 222.468 258.7016 227.5544 324.4738 213.7725 285.4277 216.0926 282.4535 288.8973 218.0092 284.7543 239.2405 282.0638 280.4086 281.6256 290.6003 292.3183 277.3234 293.8469 228.7375 240.0521 239.4368 242.7995 280.4318 299.5413 300.7939 289.4581 287.3882 303.7581 288.1753 334.9665 249.7243 326.4062 307.5858 313.8694 324.2484 309.3841 320.8006 337.3796 304.0674 321.8897 322.9427 325.513 320.9143 270.5206 352.9589 347.2362 347.5068 351.336 354.573 350.1842 324.2299 348.4279 351.8347 353 361.5218 350.8454 312.7059 352.9533 354.2033 316.8407 363.4969 279.9879 315.7863 314.8214 323.1355 361.5055
22.62742 168.9791 21.93171 25 14.14214 25.05993 21.63331 12.36932 14.42221 47.29693 17.20465 13.45362 47.51842 45.27693 9.433981 13.92839 45.59879 17.26268 13.34166 2.5 43.01163 0 13.5 42.03644 34.03307 58.55339 2.828427 13.34166 16.15549 61.36199 22.47221 36.05551 53.60037 57.36288 35.34119 21.2132 33.12099 34.98571 20.24846 148.6415 61.82435 32.01562 20.61553 38.55191 21.2132 36.40055 34.82815 49.64877 23.08679 62.76942 43.26662 26 71.51224 48.12744 46.04346 42.80187 50 30.41381 49.35838 52.63079 36.3808 34.23449 49.14519 48.13514 43.01163 41.88078 37.33631 79.40403 61.31159 65.34099 61.16576 46.09772 49.16299 80.88289 52.20153 50.9902 52.61179 55.3263 75.9276 80.65978 61.61169 95.13149 67.54258 62.16912 75.16648 65.11528 68.78408 87.00575 72.73239 71.19076 91.80293 72.63952 101.8234 74.73286 81.02469 84.69357 88.10221 87.65415 118.5928 106.5317 109.4166 131.3727 134.8481 132.9981 192.2004 181.5137 180.4335 140.1321 142.8881 146.9864 150.3596 157.7847 156.0801 155.2063 158.7766 157.496 163.6857 170.8567 170 174.1967 171.3972 177.5528 181.8721 184.0924 233.1872 235.0319 192.5839 237.1856 195.0718 225.8429 228.6504 231.2942 189.7182 197.3291 246.6539 248.8232 279.8025 241.8595 209.0598 234.6796 213.244 292.4248 217.6873 257.9787 213.3963 256.0195 261.884 220.8393 258.544 224.86 256.9085 255.7597 256.7586 264.558 265.7066 253.4744 267.3799 233.3734 229.8369 230.8679 232.8498 257.5966 273.9069 274.9636 265.7668 264.3218 278.0378 266.1297 306.0244 245.5183 300.4214 284.8807 290.0276 298.9331 286.8876 296.2043 310.91 283.4943 298.0889 299.3627 301.6328 297.8926 275.8368 325.4935 320.6197 321.1744 324.5196 327.3652 323.668 301.8692 322.298 325.5436 326.443 334.0958 324.9654 294.0085 327.0382 328.125 297.6743 336.7254 285.8431 298.8394 298.6076 304.9001 336.4064
