0 188.3338 8.920202 22.47221 12.40474 13.60147 37.94733 33.01515 23.97082 47.83566 49.49747 174.2364 37.33631 61.07373 53.85455 56.60389 52.69213 56.14713 53.00147 53.5397 63.51378 60.82763 54.33231 68.10653 62.86007 63.1981 64.51744 73.568 72.49828 77.91456 69.63476 75.89796 79.09558 83.90495 94.64143 85.44004 88.02272 103.0776 100.1848 99.74467 91.02198 96.50907 97.16481 102.8251 110.164 132.8006 123.4909 139.8258 220.2045 209.4379 208.3177 159.0283 162.5123 160.44 160.5895 167.1003 173.7613 182.9645 189.8257 191.6377 199.5484 201.8167 203.1994 211.0467 275.6701 307.3969 337.5708 230.0804 261.3963 234.6828 319.966 229.9134 229.2182 233.6942 246.3757 245.2581 298.0604 249.4795 314.7191 249.7299 252.379 304.2318 332.9017 262.2637 314.661 317.5689 320.9908 326.792 320.3701 340.7804 287.4795 324.184 317.805 362.0221 297.2007 304.6326 320.1281 362.2309
188.3338 0 180.5755 190.8324 182.8984 175.0619 165.2049 184.733 164.5069 179.9694 176.6145 163.3396 157.7294 181.4451 167.9873 163.4216 136.246 160.0166 146.5365 136.567 163.0204 157.5786 143.9872 160.8053 126.6977 136.0937 132.8163 151.9691 150.1918 151.1744 120.8631 148.0962 147.2429 147.7765 167.091 134.8174 114.9174 152.8193 147.8239 144.7843 112.7365 121.0168 118.84 113.5048 131.572 66.36287 121.4491 142.0523 108.9585 94.97707 91.70621 125.2333 135.1776 122.5191 119.4049 123.2137 124.2631 126.2078 123.3794 126.7946 134.1825 136.7355 90.53379 92.48178 106.9176 149.8911 164.7086 50.24059 79.37319 52.11319 159.6666 114.2064 87.15804 112.0492 62.78567 126.8209 120.1628 75.70476 137.0754 80.85755 78.95707 126.5566 159.7764 105.4438 132.5387 135.5479 138.8201 146.4755 137.6028 161.0631 160.7489 137.2978 129.4773 182.5974 170.7026 122.7489 132.873 179.0649
8.920202 180.5755 0 28.22003 15.42972 5.67186 29.64406 36.71199 17.40259 50.3867 51.46426 166.1595 33.83741 63.68493 54.41445 56.49044 45.80554 55.44159 49.38068 47.22256 63.5466 59.94973 50.33458 67.93651 56.11707 58.8572 59.72244 72.39144 71.0547 76.76764 63.09651 74.314 77.51697 82.51985 95.26369 82.67267 83.09976 102.3805 99.03822 98.32177 86.08234 92.78454 93.25647 98.66899 107.7424 124.2367 120.4698 138.1663 211.285 200.523 199.4084 156.2153 160.2021 157.4686 157.4515 164.1005 170.7354 179.9021 186.5176 188.4584 196.564 198.9044 198.2548 206.0443 266.9984 298.5468 328.8856 222.982 253.0817 227.4695 311.1281 225.3825 223.6188 228.9798 239.148 240.8491 289.543 242.7879 306.1713 243.2636 245.7222 295.6991 324.2265 256.4247 306.2641 309.1643 312.5886 318.3124 311.9945 332.2657 283.1864 316.0742 310.0025 353.4787 293.0023 297.6833 312.6707 353.8357
22.47221 190.8324 28.22003 0 13.39586 29.15476 57.14018 12.52996 32.02499 27.8792 30.41381 193.3495 33.12099 40.45986 37.09195 41 55.6823 41.86287 46.20505 54.52064 47.12749 46.52956 48.38388 51.87003 64.4054 57.28001 59.77039 59.1291 58.69412 63.21138 69.97142 62.22941 65.26697 69.46457 76.15773 74.06079 82.2253 86.72946 84.77028 84.89994 85.14693 87.09191 88.20431 94.33981 97.21683 140.7302 111.6468 124.7688 233.0944 221.5172 220.1278 146.2033 148.5539 147.9595 148.4924 154.6173 161.2762 170.4846 177.8617 179.36 186.7705 188.8624 195.3689 203.3246 283.6212 317.4826 345.4987 229.3338 266.6027 234.3864 329.8185 220.76 223.1636 225.02 246.0772 235.6977 304.5997 247.0324 321.4585 246.4549 249.7877 310.8762 340.74 256.7942 320.2562 323.2105 326.607 332.9625 325.8006 347.1905 277.4395 327.9165 319.8828 368.6204 286.8837 302.9488 320.5448 367.7027
12.40474 182.8984 15.42972 13.39586 0 15.7668 43.774 21.40475 19.99194 35.70293 37.2005 179.9602 27.42039 49.00021 41.46312 44.29954 46.68131 43.9978 42.66269 46.50137 51.16799 48.71072 44.31888 55.78613 56.28186 53.3548 55.13703 61.50133 60.53705 65.82361 62.55528 63.98063 67.16354 71.88114 82.23672 74.09756 78.49399 90.81547 88.04556 87.69765 81.48632 85.78973 86.59276 92.43696 98.53348 130.2487 112.1728 127.8089 220.9742 209.6464 208.3448 147.5239 150.7443 149.0255 149.2764 155.6941 162.363 171.578 178.5855 180.3141 188.1005 190.3257 193.29 201.1858 273.3306 306.3744 335.2523 223.1246 257.4837 227.9427 318.8038 219.5754 220 223.5225 239.6474 234.7981 294.9182 241.7759 311.7006 241.6669 244.615 301.1531 330.5283 253.3064 311 313.9352 317.345 323.4581 316.6215 337.5885 276.8914 319.5242 312.2904 358.9463 286.5292 297.3147 313.7986 358.5259
13.60147 175.0619 5.67186 29.15476 15.7668 0 28.01785 35.90265 11.81524 48.54122 49.24429 164.2474 29.06888 61.7171 51.34503 53.03772 40.1342 51.69623 44.40615 41.57523 60.10824 56.0803 45.22168 64.36226 50.44524 53.60037 54.33691 68.30264 66.85058 72.6721 57.42822 70.03214 73.22416 78.29366 91.96739 77.87811 77.64664 98.40732 94.86833 94.03191 80.62258 87.64131 88.0568 93.39165 103.0264 119.2015 115.5206 133.7096 207.2704 196.3175 195.1442 151.307 155.4711 152.5057 152.4336 159.1242 165.7468 174.8971 181.4317 183.4121 191.5774 193.9407 192.7511 200.5287 262.0935 293.9962 323.999 217.3384 247.8326 221.84 306.5408 219.9597 218.0092 223.5173 233.5209 235.4515 284.4591 237.1181 301.1179 237.5921 240.0516 290.6303 319.3258 250.7873 301.0757 303.9819 307.4044 313.1932 306.7898 327.1792 277.8104 310.7061 304.5078 348.4207 287.6478 292.0274 307.0847 348.6463
37.94733 165.2049 29.64406 57.14018 43.774 28.01785 0 63.3877 30.57123 74.5939 74.63243 136.5258 48.02083 87.28115 74.71487 75.17978 43.90888 72.8869 59.80933 47.85917 81.9878 76.55064 59.39697 85.59498 52.8336 65.43699 64.51744 87.22528 85.27602 91.38205 59.80803 87.91189 90.90716 96.13108 113.4416 92.19544 84.97058 116.9316 112.4856 111.018 87.66413 98.47842 98.27004 102.4744 117.0304 103.7882 127.3185 148.8464 184.5047 174.4713 173.598 162.787 168.3516 163.4778 162.8895 169.8779 176.298 185.181 190.8344 193.1968 201.8602 204.4162 196.2295 203.6799 244.3809 273.7635 305.9842 210.8673 233.4609 214.7091 286.507 224.6628 218.5521 227.5016 226.2145 240.4439 268.2238 232.5511 284.5529 234.1047 235.6299 274.2353 301.4305 250.0125 285.8349 288.6694 292.1012 297.2154 291.707 310.8557 282.8816 297.6092 293.4621 331.7891 292.9919 285.8129 298.0772 333.2975
33.01515 184.733 36.71199 12.52996 21.40475 35.90265 63.3877 0 34.60925 15.40292 17.88854 197.8911 28.42534 28.28427 24.95621 29.15476 52.47062 30.5041 38.34262 50.28419 34.9285 35.01428 40.81666 39.65476 59.87255 49.1935 52.15841 47.32071 47.09565 51.27715 64.53681 50.62114 53.5672 57.54289 63.63175 63.07139 73.38937 74.33034 72.53275 72.78049 76.2168 76.65507 77.92946 84.17244 85.51088 137.9058 100.1798 112.5 232.723 220.6616 219.1056 134.3577 136.4524 136.1947 136.8247 142.8373 149.4824 158.6758 166.1679 167.5858 174.8682 176.9181 184.8783 192.8515 280.0714 315.107 341.8086 221.5513 261.5989 226.7907 327.2786 209.7863 213.2346 214.1892 238.4471 224.578 300.2166 238.4659 317.1503 237.5479 241.1545 306.5371 337.0074 247.0127 315.3348 318.308 321.6848 328.3245 320.7819 342.6576 266.1349 322.0221 313.1932 364.1566 275.4946 294.5929 313.0815 362.6379
23.97082 164.5069 17.40259 32.02499 19.99194 11.81524 30.57123 34.60925 0 44.26342 44.12029 163.2845 18.85206 56.7609 44.28558 45.09767 28.73656 43.15206 33.40219 29.86135 52.05574 47.18686 33.95585 55.95802 38.9571 42.06899 42.63918 58.80689 57.14018 63.12555 45.83448 60.14399 63.29227 68.45612 83.84748 67.01194 65.87412 88.94268 85.05292 84 68.84475 76.21155 76.55064 81.78508 92.22822 110.4219 104.3389 123.2901 201.175 189.7416 188.414 140.1572 144.5844 141.277 141.1283 147.8733 154.4759 163.6001 170.0254 172.057 180.2998 182.6937 180.9447 188.7185 253.507 286.3867 315.4327 206.1233 238.1953 210.7135 298.8228 208.1962 206.2164 211.7291 222.4059 223.7058 275.3256 225.6515 292.0694 226.0212 228.5676 281.5401 310.7206 239.0323 291.6105 294.5345 297.9501 303.9395 297.2709 318.0202 266.0802 300.6447 293.984 339.3408 275.9352 280.7112 296.1719 339.1626
47.83566 179.9694 50.3867 27.8792 35.70293 48.54122 74.5939 15.40292 44.26342 0 3.640055 206.0462 31.48412 13.31353 12.73038 17.55705 54.37943 20.35313 34.82501 51.02205 21.52324 23.87991 37.5 26.00481 59.55786 44.19559 47.74149 34.67708 35.01785 38.18284 62.71563 38.39596 41.02878 44.35737 48.32442 51.90617 65.94126 59.68459 58.36309 58.91731 68.52919 66.2816 67.83251 74.15693 72.50077 137.8632 87.55141 98.11473 235.0941 222.4938 220.7408 120.8389 122.403 122.8302 123.6457 129.4266 136.0303 145.1766 152.8726 154.1371 161.1639 163.1295 173.6124 181.5925 278.3222 314.7661 339.7443 214.2668 258.0044 219.755 326.7055 197.6714 202.7862 202.3024 231.3271 212.1965 297.3386 230.0005 314.3337 228.5853 232.5849 303.7026 334.897 236.7192 311.7191 314.7114 318.0556 325.0558 317.0272 339.5004 253.3973 317.1001 307.2104 361.0544 262.6071 286.3149 306.0315 358.7513
49.49747 176.6145 51.46426 30.41381 37.2005 49.24429 74.63243 17.88854 44.12029 3.640055 0 204.9569 30.06659 12.64911 9.100137 13.92839 52.29994 16.80774 32.00244 48.74936 18 20.24846 34.66987 22.54994 57.02095 41.03657 44.63743 31.10064 31.40064 34.66684 59.90826 34.79224 37.45368 40.86613 45.79301 48.27007 62.43397 56.61272 55.10898 55.57877 65 62.64184 64.19502 70.5195 69.01288 135.1518 84.02381 94.95394 232.723 220.0323 218.2458 117.4564 119.1438 119.4194 120.204 126.0258 132.6386 141.7956 149.4561 150.7481 157.8276 159.8124 170 177.9804 275.2889 311.9229 336.659 210.706 254.7509 216.2082 323.826 194.1151 199.1507 198.7285 227.774 208.6661 294.1598 226.3846 311.1595 224.9556 228.9655 300.5279 331.8065 233.0821 308.4543 311.4482 314.7885 321.8276 313.7467 336.283 249.9097 313.7041 303.7269 357.8407 259.1394 282.703 302.4764 355.4522
174.2364 163.3396 166.1595 193.3495 179.9602 164.2474 136.5258 197.8911 163.2845 206.0462 204.9569 0 174.9334 216.9274 201.7385 200.1518 155.4508 196.7339 178.5907 160.0393 205.4383 198.5319 176.6073 207.2983 155.7018 176.6325 173.3855 204.2846 201.8076 207.1716 157.7081 202.8082 204.7396 209.1451 231.6611 198.7431 178.9075 227.5973 221.7508 219.0635 179.7604 195.2755 193.6563 193.6309 216.4068 112.4342 218.3062 244.9672 92.75788 94.12793 96.0554 245.0818 254.1701 243.9897 241.8313 248.4383 252.9846 259.366 260.9204 264.247 273.311 276.1774 243.0454 247.6451 174.5615 183.2508 225.7813 211.0031 186.2447 210.6919 195.8372 271.0162 248.7211 270.4478 218.6536 285.4953 203.5286 236.9219 215.5649 243.2316 240.0758 207.6861 222.4266 268.7036 224.5056 226.5446 229.5868 230.122 230.5238 240.1934 322.7339 246.9701 254.6375 257.2907 332.9039 273.1451 269.466 266.0267
37.33631 157.7294 33.83741 33.12099 27.42039 29.06888 48.02083 28.42534 18.85206 31.48412 30.06659 174.9334 0 42.04759 27.52839 27.313 24.09762 24.86966 15.68937 21.92031 34 28.6007 17.02939 37.58324 31.65526 26 27.72183 39.96561 38.28838 44.27705 36.89173 41.30981 44.46847 49.61896 65.45991 48.8467 51.08816 70.0928 66.21933 65.21503 54.08327 59.22837 59.84146 65.49046 73.96471 109.4806 86.64872 104.7008 204.8414 192.5848 190.9692 122.3797 126.417 123.6487 123.6649 130.2862 136.927 146.1027 152.7911 154.69 162.752 165.0818 166.0482 173.9236 251.7459 286.6853 313.5233 196.5121 233.8247 201.4795 298.8532 192.6024 192.585 196.4306 213.1783 207.9282 272.1507 214.7044 289.0576 214.4411 217.5133 278.4547 308.7322 225.8877 287.5258 290.4892 293.8771 300.3748 293.0273 314.6621 250.1432 294.8631 286.7647 336.1339 259.8678 270.4163 287.5622 334.9153
61.07373 181.4451 63.68493 40.45986 49.00021 61.7171 87.28115 28.28427 56.7609 13.31353 12.64911 216.9274 42.04759 0 15.90008 19.23538 63.00505 23.03259 41.11151 59.06353 18.43909 24.20744 43.65776 21.27205 66.51859 48.37355 52.15841 30.64719 31.90611 32.97156 68.44706 34.67708 36.55285 38.5047 37 48.76474 66.52819 50.24938 50.01 51.15662 68.76772 63.52952 65.36819 71.58911 65.8694 143.5897 81.21576 88.74824 242.157 229.1976 227.3043 112.8007 113.4868 115.0174 116.1077 121.501 128.0039 137.0328 145.0004 146.0308 152.6397 154.4668 168.3449 176.2981 282.0638 319.5844 343.1062 213.1783 260.2191 218.8927 331.3174 191.2492 198.3658 196.1556 230.3411 205.387 300.0833 227.6532 317.0982 225.7189 230.1206 306.4719 338.2277 232.3688 313.793 316.7965 320.1059 327.4095 318.9687 341.9273 246.0302 317.991 307.1319 363.4969 255.024 284.0158 304.9262 360.5083
53.85455 167.9873 54.41445 37.09195 41.46312 51.34503 74.71487 24.95621 44.28558 12.73038 9.100137 201.7385 27.52839 15.90008 0 4.828302 47.21735 7.972609 25.237 43.19795 10.04054 11.14955 27.8085 14.78386 50.64206 33.10306 36.82475 22.5125 22.56795 26.35426 52.7808 26.03003 28.83442 32.61676 40.90003 39.27229 53.52861 49.80274 47.67927 47.84154 56.04741 53.57063 55.10728 61.43136 60.67336 128.0403 75.51035 87.68017 226.3467 213.4472 211.5817 109.4249 111.5137 111.2916 111.9701 117.9261 124.5645 133.7509 141.2896 142.672 149.9184 151.9632 161.1143 169.0952 267.3496 304.4093 328.5939 201.6787 246.3277 207.2036 316.2267 185.4518 190.1402 189.9982 218.7586 200.0945 285.8939 217.2885 302.9014 215.856 219.8673 292.2701 323.7306 224.0582 300.0008 302.998 306.3295 313.4515 305.2594 327.9288 241.4801 304.9776 294.831 349.4929 250.7754 273.6098 293.4567 346.9226
56.60389 163.4216 56.49044 41 44.29954 53.03772 75.17978 29.15476 45.09767 17.55705 13.92839 200.1518 27.313 19.23538 4.828302 0 45.0123 3.807887 22.30821 40.74923 7.071068 6.324555 24.73863 11.51086 47.5961 29.15476 32.93175 18.17278 18 22.21139 49.24429 21.50581 24.41539 28.46623 38.94868 34.52535 48.82622 46.52956 44.01136 43.9659 51.31277 48.76474 50.28916 56.61272 56.357 124.3543 71.06335 83.98363 223.0202 210.0101 208.1015 105.2483 107.5744 107.0561 107.6708 113.7036 120.3536 129.5531 137.0174 138.4522 145.7929 147.8716 156.4161 164.3968 263.1539 300.4426 324.324 196.8883 241.8677 202.4253 312.2119 180.8817 185.3672 185.3888 213.9743 195.5757 281.5173 212.4618 298.528 211.0284 215.0396 287.8976 319.4551 219.2767 295.5208 298.5197 301.8462 309.0129 300.7607 323.5015 237.0384 300.3485 290.1103 345.0681 246.3701 268.7843 288.6694 342.3993
52.69213 136.246 45.80554 55.6823 46.68131 40.1342 43.90888 52.47062 28.73656 54.37943 52.29994 155.4508 24.09762 63.00505 47.21735 45.0123 0 41.45396 23.13989 4.858731 50.00225 43.0812 21.22682 51.91131 10.34247 23.51948 21.57521 49.89994 47.52945 53.37855 17.47069 49.24209 51.75795 56.76234 77.57684 50.06809 41.12236 77.20821 72.06811 70.10783 43.87336 54.75283 54.44308 58.56561 74.08225 85.49641 83.58575 106.0253 180.938 168.5714 166.9269 118.9208 124.6756 119.5789 118.9807 125.9704 132.3895 141.2807 147.0031 149.3308 157.9665 160.5153 154.3388 161.9843 228.0691 262.6577 289.9114 177.3894 211.0584 181.9987 274.8583 182.2353 178.539 185.4202 193.6939 197.9167 248.9191 196.9879 265.7762 197.4742 199.9185 255.1941 285.14 211.0312 264.6646 267.6125 271.014 277.3043 270.239 291.518 240.3798 272.861 265.6778 312.9416 250.3863 251.9803 267.5492 312.1462
56.14713 160.0166 55.44159 41.86287 43.9978 51.69623 72.8869 30.5041 43.15206 20.35313 16.80774 196.7339 24.86966 23.03259 7.972609 3.807887 41.45396 0 18.59856 37.12142 9.192388 4.743416 20.98809 12.80625 43.82414 25.387 29.15476 17.55705 16.86713 21.84188 45.43677 20.39608 23.4864 27.96882 40.70012 32.59601 45.63442 47.01595 44.05111 43.73214 48.19232 46.48118 47.90094 54.20793 55.38 120.5591 69.8033 83.84659 219.2134 206.2023 204.2945 104.4131 107.0852 106.1249 106.6325 112.7874 119.4508 128.6643 136.0035 137.5227 145.0059 147.1343 154.4943 162.472 259.4889 296.6996 320.6949 193.9136 238.3621 199.4054 308.4822 179.2822 183.1734 183.6968 210.9751 194.0841 277.9505 209.7439 294.9592 208.4286 212.3467 284.3282 315.8288 217.0397 292.0322 295.0297 298.3604 305.4906 297.2886 319.9707 235.6923 297.0206 286.9364 341.5355 245.0903 266.0385 285.679 338.9502
53.00147 146.5365 49.38068 46.20505 42.66269 44.40615 59.80933 38.34262 33.40219 34.82501 32.00244 178.5907 15.68937 41.11151 25.237 22.30821 23.13989 18.59856 0 18.62542 26.88227 19.94132 2.675117 28.83412 25.40758 11.07503 13.81688 27.92456 25.77123 31.86389 27.90889 28.17634 31.11833 36.33845 55.28025 33.61036 36.1477 57.15248 52.68687 51.30211 39.10762 43.53913 44.1634 49.86388 58.829 103.1584 71.1172 90.03628 201.1297 188.2801 186.4424 106.9012 111.1892 108.1083 108.0713 114.733 121.3627 130.5245 137.1517 139.0788 147.1928 149.5448 150.6275 158.5252 243.5881 279.9498 305.0878 183.4023 223.8865 188.57 291.881 177.0096 177.5525 180.8947 200.2409 192.3018 262.9204 200.8361 279.8977 200.2608 203.5858 269.2701 300.2507 211.0078 277.6304 280.6139 283.9755 290.8056 283.0122 305.2053 234.4903 283.8332 274.853 326.741 244.2008 256.7955 274.8321 324.8181
53.5397 136.567 47.22256 54.52064 46.50137 41.57523 47.85917 50.28419 29.86135 51.02205 48.74936 160.0393 21.92031 59.06353 43.19795 40.74923 4.858731 37.12142 18.62542 0 45.50275 38.52921 16.56804 47.26521 9.893881 18.72165 16.97056 45.06939 42.69075 48.52675 16.14001 44.38468 46.90001 51.90897 72.74957 45.39273 37.63642 72.37748 67.2644 65.33376 40.47839 50.62114 50.42321 54.79507 69.61042 87.7069 79.46383 101.5443 184.0774 171.5422 169.833 114.9474 120.5166 115.6828 115.1629 122.1188 128.5788 137.5227 143.3886 145.6588 154.2273 156.7498 151.758 159.4613 229.8271 264.9252 291.6032 176.7894 212.1002 181.5282 277.0528 179.4241 176.5007 182.7361 193.2317 195.054 250.2848 195.9451 267.181 196.2103 198.8409 256.5823 286.8126 209.2158 265.773 268.7313 272.1243 278.5543 271.3015 292.8212 237.5024 273.4817 265.8693 314.2809 247.4636 251.1902 267.3097 313.2
63.51378 163.0204 63.5466 47.12749 51.16799 60.10824 81.9878 34.9285 52.05574 21.52324 18 205.4383 34 18.43909 10.04054 7.071068 50.00225 9.192388 26.88227 45.50275 0 7.071068 29.01724 4.743416 51.43334 31.62278 35.41892 13.2382 13.92839 16.66704 52.20153 17.10263 19.56471 22.87321 31.89044 31.01612 48.10405 39.81206 37.64306 37.85499 50.32892 45.69464 47.42362 53.7122 51.01743 126.6254 66.0303 77.64181 225.8938 212.6834 210.6923 99.5751 101.5246 101.4938 102.2399 108.1134 114.7388 123.9113 131.5185 132.8495 140.0198 142.0422 152.2367 160.2143 264.0076 301.9043 324.9281 195 241.8471 200.6639 313.5462 176.1524 181.6618 180.801 212.1438 190.6751 281.7836 209.8809 298.7987 208.1658 212.396 288.1753 320.0431 215.6322 295.3981 298.4024 301.7081 309.0453 300.5611 323.5711 231.9116 299.5568 288.7802 345.1406 241.1498 266.2424 286.7752 342.0852
60.82763 157.5786 59.94973 46.52956 48.71072 56.0803 76.55064 35.01428 47.18686 23.87991 20.24846 198.5319 28.6007 24.20744 11.14955 6.324555 43.0812 4.743416 19.94132 38.52921 7.071068 0 22 9.192388 44.36277 24.69818 28.50439 12.81601 12.16553 17.11436 45.22168 15.70032 18.76462 23.22648 36.89173 28.28427 42.80187 42.43819 39.35734 39 45.22168 42.44997 43.9659 50.28916 50.68969 119.8666 65.19202 79.11542 218.984 205.8225 203.8535 99.70557 102.3438 101.4347 101.9657 108.0949 114.7563 123.9677 131.3333 132.8345 140.2933 142.4149 150.2065 158.1865 257.8565 295.4731 318.9104 190.6646 236.1779 196.2244 307.1714 174.8187 179.0782 179.2791 207.7619 189.5728 275.9493 206.1553 292.9631 204.7071 208.7289 282.3349 314.0337 212.9795 289.7957 292.7969 296.1156 303.3496 295.0068 317.8541 231.125 294.393 284.007 339.423 240.5 262.4824 282.45 336.6055
54.33231 143.9872 50.33458 48.38388 44.31888 45.22168 59.39697 40.81666 33.95585 37.5 34.66987 176.6073 17.02939 43.65776 27.8085 24.73863 21.22682 20.98809 2.675117 16.56804 29.01724 22 0 30.70016 22.87769 9.055385 11.42366 29.09038 26.83282 32.86354 25.23886 28.99138 31.81369 37.00248 56.64804 33.28663 34.23449 57.80138 53.15073 51.62364 37.21559 42.44997 42.95346 48.50773 58.48172 100.4988 70.38466 89.91802 198.5397 185.667 183.8212 106.2017 110.7079 107.3359 107.2241 113.9408 120.5529 129.6919 136.2123 138.1919 146.3815 148.7616 149.0302 156.9111 240.9191 277.2762 302.4245 181.0773 221.2691 186.2149 289.2062 175.5847 175.7299 179.4018 197.8914 190.9274 260.2768 198.6555 277.2523 198.154 201.4186 266.6252 297.5882 209.1226 275.0137 277.9964 281.3594 288.1753 280.4015 302.5711 233.1662 281.285 272.3821 324.1049 242.912 254.5683 272.4592 322.2131
68.10653 160.8053 67.93651 51.87003 55.78613 64.36226 85.59498 39.65476 55.95802 26.00481 22.54994 207.2983 37.58324 21.27205 14.78386 11.51086 51.91131 12.80625 28.83412 47.26521 4.743416 9.192388 30.70016 0 52.43938 31.97655 35.69314 9.394147 10.70047 12.27287 52.55949 13.41641 15.5009 18.3684 27.90161 27.50455 46.04889 35.10698 32.90137 33.14363 48.08846 42.26701 44.09649 50.32395 46.5003 126.1923 61.59951 72.8989 225.7975 212.4493 210.4002 94.92787 96.80522 96.87363 97.655 103.4843 110.1022 119.2665 126.9079 128.2127 135.3442 137.3554 148.076 156.0494 262.5119 300.7937 323.2552 191.918 239.8135 197.6474 312.348 171.7735 177.6921 176.4724 209.0849 186.2342 279.9116 206.4328 296.9244 204.5788 208.9155 286.3084 318.3612 211.6796 293.2845 296.2912 299.5835 307.022 298.3999 321.5669 227.3938 297.0476 285.9694 343.1334 236.6036 262.7975 283.6591 339.8459
62.86007 126.6977 56.11707 64.4054 56.28186 50.44524 52.8336 59.87255 38.9571 59.55786 57.02095 155.7018 31.65526 66.51859 50.64206 47.5961 10.34247 43.82414 25.40758 9.893881 51.43334 44.36277 22.87769 52.43938 0 20.9457 17.71691 48.6087 46.12363 51.48564 7.214954 47.13692 49.19632 53.82955 75.98282 45.1079 32.49701 73.44877 67.94647 65.66624 35.04362 47.38553 46.76953 50.25988 67.71058 78.46903 75.94772 99.51619 175.7784 163.0169 161.2249 110.7853 117.0006 111.2687 110.5082 117.5538 123.8792 132.6552 138.1169 140.5396 149.2866 151.8817 144.3193 151.9266 220.2015 255.6258 281.938 167.2525 202.236 171.9226 267.6947 172.3711 168.2678 175.4596 183.623 188.0896 240.4954 186.7031 257.403 187.1489 189.626 246.7996 277.1389 200.7099 255.9183 258.8785 262.2697 268.7305 261.4384 283.0108 230.5543 263.589 256.0301 304.48 240.5975 241.7727 257.6045 303.3345
63.1981 136.0937 58.8572 57.28001 53.3548 53.60037 65.43699 49.1935 42.06899 44.19559 41.03657 176.6325 26 48.37355 33.10306 29.15476 23.51948 25.387 11.07503 18.72165 31.62278 24.69818 9.055385 31.97655 20.9457 0 3.807887 27.66315 25.17936 30.62336 20.61553 26.31539 28.56766 33.42857 55.10898 26.87006 25.17936 53.7122 48.54894 46.61545 28.16026 34.17601 34.48188 39.81206 51.60211 95.25755 62.6099 83.41613 194.2884 181.1286 179.1682 98.40325 103.3308 99.40322 99.16148 105.9646 112.5389 121.6306 127.9731 130.0346 138.3434 140.7693 140.0571 147.9278 234.3075 271.3254 295.6324 172.4094 213.8457 177.6119 283.1276 166.7353 166.6763 170.4963 189.2749 182.122 253.1442 189.763 270.1404 189.1904 192.5113 259.5092 290.7775 200.0681 267.5725 270.5624 273.912 280.8719 272.9047 295.3104 224.405 273.3574 264.1098 316.8627 234.1864 245.7336 263.8939 314.6621
64.51744 132.8163 59.72244 59.77039 55.13703 54.33691 64.51744 52.15841 42.63918 47.74149 44.63743 173.3855 27.72183 52.15841 36.82475 32.93175 21.57521 29.15476 13.81688 16.97056 35.41892 28.50439 11.42366 35.69314 17.71691 3.807887 0 31.03627 28.53945 33.78627 16.86713 29.42788 31.48986 36.1856 58.2795 28.50439 23.50532 56.12931 50.79862 48.70832 26.50472 34.21257 34.27098 39.22372 52.66508 91.45764 62.94839 84.58871 190.4849 177.321 175.3603 98.63113 103.8858 99.51131 99.14888 106.0236 112.5544 121.5915 127.7508 129.8942 138.3114 140.7782 138.7029 146.5384 230.661 267.5863 292.0233 169.6541 210.3961 174.7927 279.4034 165.6642 164.9015 169.3059 186.4685 181.1276 249.6127 187.3032 266.6043 186.8756 190.0781 255.9736 287.1722 198.1698 264.1312 267.1189 270.4729 277.3887 269.4819 291.8154 223.4753 270.1041 261.0412 313.3632 233.3115 243.18 261.0412 311.2591
73.568 151.9691 72.39144 59.1291 61.50133 68.30264 87.22528 47.32071 58.80689 34.67708 31.10064 204.2846 39.96561 30.64719 22.5125 18.17278 49.89994 17.55705 27.92456 45.06939 13.2382 12.81601 29.09038 9.394147 48.6087 27.66315 31.03627 0 2.5 4.376212 47.54209 4.031129 6.35304 10.41315 27.68122 18.11767 37.60652 30.15377 26.66927 26.19637 39.43666 32.88237 34.73111 40.94203 38.19286 119.3995 53.00236 66.30988 219.3519 205.8158 203.686 87.08415 89.56004 88.88335 89.50559 95.53141 102.1824 111.3833 118.8474 120.2799 127.642 129.7353 139.0009 146.9789 254.2936 292.984 314.8465 182.5849 231.0979 188.3355 304.4355 163.0212 168.4495 167.6283 199.758 177.6118 271.3268 197.0387 288.3344 195.1929 199.5216 277.7269 309.9448 202.4265 284.4935 287.5017 290.7829 298.3023 289.5708 312.861 218.9679 287.9757 276.735 334.4223 228.2652 253.4033 274.3123 330.9532
72.49828 150.1918 71.0547 58.69412 60.53705 66.85058 85.27602 47.09565 57.14018 35.01785 31.40064 201.8076 38.28838 31.90611 22.56795 18 47.52945 16.86713 25.77123 42.69075 13.92839 12.16553 26.83282 10.70047 46.12363 25.17936 28.53945 2.5 0 6.111111 45.04442 3.535534 6.64162 11.46601 30.08322 17.08801 35.60899 31.82766 28.01785 27.29469 37.53665 31.7805 33.54102 39.81206 38.52416 117.047 53.08484 67.32941 216.9654 203.4508 201.3312 87.54656 90.28981 89.26926 89.80535 95.92966 102.5914 111.8034 119.1712 120.669 128.1388 130.269 138.6001 146.5807 252.2578 290.8333 312.8787 181.276 229.2597 186.9866 302.3115 162.8962 167.8362 167.4306 198.4364 177.5761 269.429 195.9796 286.4393 194.2395 198.4865 275.8278 307.9798 201.7926 282.6952 285.7026 288.9898 296.4675 287.7933 311.0197 219.0511 286.3586 275.2744 332.5838 228.3993 252.343 273.0311 329.2131
77.91456 151.1744 76.76764 63.21138 65.82361 72.6721 91.38205 51.27715 63.12555 38.18284 34.66684 207.1716 44.27705 32.97156 26.35426 22.21139 53.37855 21.84188 31.86389 48.52675 16.66704 17.11436 32.86354 12.27287 51.48564 30.62336 33.78627 4.376212 6.111111 0 49.91672 4.392052 3.931512 6.265741 24.49742 16.45233 37.65355 25.81798 22.29876 21.89143 39.20191 31.01274 33.00019 39.04572 34.3637 120.4972 49.36948 62.0048 220.5871 206.9389 204.7579 83.08076 85.38173 84.9373 85.62912 91.57244 98.21242 107.4017 114.9384 116.3191 123.6004 125.668 135.8235 143.7952 254.161 293.2117 314.5062 180.7783 230.4257 186.6024 304.5723 159.5195 165.5359 164.2042 197.9694 174.0143 270.8013 194.7865 287.7989 192.7696 197.229 277.2037 309.5974 199.5315 283.7106 286.7202 289.986 297.6085 288.7358 312.1818 215.2489 286.7692 275.2002 333.7331 224.4985 251.1403 272.4319 330.0225
69.63476 120.8631 63.09651 69.97142 62.55528 57.42822 59.80803 64.53681 45.83448 62.71563 59.90826 157.7081 36.89173 68.44706 52.7808 49.24429 17.47069 45.43677 27.90889 16.14001 52.20153 45.22168 25.23886 52.55949 7.214954 20.61553 16.86713 47.54209 45.04442 49.91672 0 45.52472 47.19934 51.46051 74.24284 41.4367 26.24881 70.21396 64.51356 62.03225 28.6007 41.86884 41.03657 44.04543 62.69857 75.29276 70.03571 94.25099 173.8189 160.7666 158.8592 104.4806 110.9606 104.8618 104.0096 111.0788 117.3456 126.0516 131.3727 133.8432 142.6437 145.2618 137.1167 144.718 215.9282 252.0505 277.5349 160.6549 197.0913 165.4116 264.0005 165.2034 161.0776 168.2676 177.1158 180.9317 235.7053 179.8472 252.6508 180.1888 182.7525 242.0331 272.7133 193.5646 250.8188 253.7893 257.1694 263.7878 256.285 278.1245 223.3949 257.9714 250.018 299.6281 233.4486 235.0532 251.2469 298.1564
75.89796 148.0962 74.314 62.22941 63.98063 70.03214 87.91189 50.62114 60.14399 38.39596 34.79224 202.8082 41.30981 34.67708 26.03003 21.50581 49.24209 20.39608 28.17634 44.38468 17.10263 15.70032 28.99138 13.41641 47.13692 26.31539 29.42788 4.031129 3.535534 4.392052 45.52472 0 3.205897 8.313377 28.85308 14.089 33.97793 29.02585 24.90984 24.01041 35.70014 28.85308 30.70016 36.91206 34.98968 116.3722 49.56309 63.95506 216.422 202.812 200.6496 84.01726 86.80582 85.73506 86.26993 92.39589 99.05806 108.2705 115.6357 117.1345 124.6116 126.7458 135.2202 143.2 250.6442 289.4902 311.121 178.5567 227.2631 184.3109 300.9007 159.4218 164.5615 163.9771 195.7307 174.0806 267.5378 193.0194 284.5427 191.1923 195.5059 273.9389 306.2167 198.5302 280.6293 283.638 286.9151 294.4631 285.693 309.0263 215.5346 284.0163 272.7279 330.5851 224.8761 249.3842 270.2823 327.0524
79.09558 147.2429 77.51697 65.26697 67.16354 73.22416 90.90716 53.5672 63.29227 41.02878 37.45368 204.7396 44.46847 36.55285 28.83442 24.41539 51.75795 23.4864 31.11833 46.90001 19.56471 18.76462 31.81369 15.5009 49.19632 28.56766 31.48986 6.35304 6.64162 3.931512 47.19934 3.205897 0 5.224441 27.05139 12.54769 33.84442 26.03417 21.76644 20.81132 35.33333 27.18047 29.13951 35.22941 31.96178 116.9506 46.67738 60.75109 217.0778 203.385 201.1841 80.94511 83.64824 82.69489 83.26931 89.35106 96.00926 105.2178 112.6257 114.0955 121.5296 123.6505 132.6755 140.6525 250.2721 289.3829 310.5935 176.9683 226.4953 182.7752 300.7253 156.6697 162.1988 161.2755 194.1557 171.2696 266.876 191.1163 283.8729 189.1695 193.5745 273.2784 305.684 196.1837 279.7791 282.7887 286.0546 293.6774 284.8048 308.251 212.6518 282.8593 271.3352 329.8021 221.9648 247.4761 268.6437 326.0941
83.90495 147.7765 82.51985 69.46457 71.88114 78.29366 96.13108 57.54289 68.45612 44.35737 40.86613 209.1451 49.61896 38.5047 32.61676 28.46623 56.76234 27.96882 36.33845 51.90897 22.87321 23.22648 37.00248 18.3684 53.82955 33.42857 36.1856 10.41315 11.46601 6.265741 51.46051 8.313377 5.224441 0 23.21725 13.3539 35.96881 20.8165 16.60157 15.84427 37.08925 26.87082 28.99578 34.72604 28.14689 119.7141 43.23736 55.93113 219.8838 206.0801 203.8259 76.81507 79.159 78.6759 79.3809 85.30934 91.94819 101.1366 108.6818 110.0554 117.3362 119.407 129.9485 137.9132 251.5331 291.0473 311.5887 176.1758 227.1212 182.077 302.2816 153.4242 159.8612 158.1542 193.378 167.8663 267.663 189.7127 284.6422 187.5288 192.114 274.066 306.6721 193.8641 280.2488 283.2592 286.5052 294.2519 285.209 308.8393 209.0447 282.8013 270.8611 330.373 218.2767 246.0399 267.7179 326.3696
94.64143 167.091 95.26369 76.15773 82.23672 91.96739 113.4416 63.63175 83.84748 48.32442 45.79301 231.6611 65.45991 37 40.90003 38.94868 77.57684 40.70012 55.28025 72.74957 31.89044 36.89173 56.64804 27.90161 75.98282 55.10898 58.2795 27.68122 30.08322 24.49742 74.24284 28.85308 27.05139 23.21725 0 35.90265 58.69412 16.55295 19.84943 22.62742 59.48109 46.95743 49.1935 53.85165 37.60024 142.6359 51.97115 53.00236 242.7859 228.8913 226.5883 78.66003 78.01442 81.21576 82.76473 87.39851 93.64828 102.3963 110.6893 111.3643 117.3565 119 138.351 146.1377 272.1709 312.4103 331.5979 191.6716 246.4001 197.8408 323.4413 158.8596 169.6644 164.2011 208.8301 172.2547 287.2508 203.0296 304.1653 199.97 205.207 293.646 326.6701 203.4631 299.0469 302.0546 305.2454 313.2922 303.8322 327.8952 211.875 300.172 287.0139 349.3608 220.5453 258.971 282.4057 344.5972
85.44004 134.8174 82.67267 74.06079 74.09756 77.87811 92.19544 63.07139 67.01194 51.90617 48.27007 198.7431 48.8467 48.76474 39.27229 34.52535 50.06809 32.59601 33.61036 45.39273 31.01612 28.28427 33.28663 27.50455 45.1079 26.87006 28.50439 18.11767 17.08801 16.45233 41.4367 14.089 12.54769 13.3539 35.90265 0 22.80351 28.86174 23.08679 20.61553 23.76973 14.76482 16.64332 22.82542 25.22124 106.7333 38.07887 56.70317 206.8864 193.0118 190.7256 73.61793 77.60316 75 75.18643 81.66088 88.32327 97.52948 104.4882 106.2309 114.1091 116.3873 121.9262 129.9057 238.2478 277.6961 298.397 164.5144 214.1121 170.2939 288.9399 146.7528 150.8807 151.1192 181.6948 161.6402 254.5663 178.9413 271.5555 177.1581 181.4349 260.9693 293.4832 184.8141 267.3417 270.3516 273.6112 281.2774 272.3472 295.8568 203.4049 270.3169 258.8049 317.402 212.8949 235.3062 256.2226 313.6037
88.02272 114.9174 83.09976 82.2253 78.49399 77.64664 84.97058 73.38937 65.87412 65.94126 62.43397 178.9075 51.08816 66.52819 53.52861 48.82622 41.12236 45.63442 36.1477 37.63642 48.10405 42.80187 34.23449 46.04889 32.49701 25.17936 23.50532 37.60652 35.60899 37.65355 26.24881 33.97793 33.84442 35.96881 58.69412 22.80351 0 50.01 44.01136 41.04875 3 16.55295 15.26434 17.80449 37.87846 83.95237 43.84062 68.65311 184.0924 170.2084 167.9233 78.30453 84.71275 78.77182 78.03204 85.06762 91.41663 100.2397 105.8825 108.2266 116.9026 119.4738 115.2128 123.0399 216.6887 255.5601 277.2697 148.4756 193.7937 153.8831 266.9387 142.3228 141.5097 145.8801 165.4841 157.8484 233.8632 165.0818 250.8758 164.2833 167.7814 240.2603 272.371 174.8893 247.3107 250.3158 253.6174 261 252.4619 275.5381 200.2464 251.5974 241.3048 297.106 210.1386 221.208 240.1874 293.9817
103.0776 152.8193 102.3805 86.72946 90.81547 98.40732 116.9316 74.33034 88.94268 59.68459 56.61272 227.5973 70.0928 50.24938 49.80274 46.52956 77.20821 47.01595 57.15248 72.37748 39.81206 42.43819 57.80138 35.10698 73.44877 53.7122 56.12931 30.15377 31.82766 25.81798 70.21396 29.02585 26.03417 20.8165 16.55295 28.86174 50.01 0 6 9.055385 50.03998 35.51056 37.65634 41.10961 21.68973 133.0902 35.51056 38.55191 232.8197 218.67 216.2342 62.96825 63.23962 65.37584 66.75328 71.71123 78.1025 87.02299 95.14959 96.02083 102.4397 104.2353 121.8401 129.6432 258.66 299.5751 317.5161 175.7271 231.9246 181.9588 310.3728 142.7069 153.1143 147.9595 192.8523 156.3155 272.9194 186.6574 289.7743 183.5048 188.8058 279.3027 312.5843 186.9231 284.2333 287.2368 290.3953 298.6001 288.9221 313.2 196.3466 284.7073 271.1549 334.6117 205.1761 242.5283 266.2048 329.4636
100.1848 147.8239 99.03822 84.77028 88.04556 94.86833 112.4856 72.53275 85.05292 58.36309 55.10898 221.7508 66.21933 50.01 47.67927 44.01136 72.06811 44.05111 52.68687 67.2644 37.64306 39.35734 53.15073 32.90137 67.94647 48.54894 50.79862 26.66927 28.01785 22.29876 64.51356 24.90984 21.76644 16.60157 19.84943 23.08679 44.01136 6 0 3.162278 44.04543 29.61419 31.7805 35.4683 17.84501 127.1417 32.69557 40.00312 226.9207 212.7923 210.3693 62.8156 64.041 65.00769 66.1211 71.50175 78.02564 87.09191 95.00234 96.0833 102.8877 104.8094 119.8541 127.7253 253.4107 294.1408 312.4721 171.8255 227.0352 177.9916 305.0004 141.6138 150.7846 146.697 188.9868 155.535 267.972 183.3821 284.8542 180.4716 185.5961 274.3611 307.5415 184.695 279.5131 282.519 285.6947 293.8197 284.2534 308.4222 196.0267 280.3859 267.1647 329.8621 205.0152 239.416 262.6195 324.925
99.74467 144.7843 98.32177 84.89994 87.69765 94.03191 111.018 72.78049 84 58.91731 55.57877 219.0635 65.21503 51.15662 47.84154 43.9659 70.10783 43.73214 51.30211 65.33376 37.85499 39 51.62364 33.14363 65.66624 46.61545 48.70832 26.19637 27.29469 21.89143 62.03225 24.01041 20.81132 15.84427 22.62742 20.61553 41.04875 9.055385 3.162278 0 41.01219 26.4764 28.63564 32.31099 15.50627 124.0363 30.67572 40.11546 223.7878 209.6518 207.2251 61.95644 63.67299 64.03124 65.00769 70.58683 77.16217 86.28441 94.07149 95.25755 102.2508 104.2353 118.0042 125.9014 250.3058 291.0016 309.4137 169.1449 224.0201 175.2855 301.8712 140.1698 148.7616 145.1689 186.3169 154.2344 264.9396 180.9447 281.8288 178.1348 183.185 271.3301 304.4834 182.7054 276.5449 279.5514 282.7321 290.8333 281.3006 305.4362 194.9357 277.545 264.4409 326.8838 204.0006 237.0359 260.0481 322.0113
91.02198 112.7365 86.08234 85.14693 81.48632 80.62258 87.66413 76.2168 68.84475 68.52919 65 179.7604 54.08327 68.76772 56.04741 51.31277 43.87336 48.19232 39.10762 40.47839 50.32892 45.22168 37.21559 48.08846 35.04362 28.16026 26.50472 39.43666 37.53665 39.20191 28.6007 35.70014 35.33333 37.08925 59.48109 23.76973 3 50.03998 44.04543 41.01219 0 15.52417 13.92839 15.55635 36.71209 83.36066 41.7732 66.9944 183.4148 169.4517 167.1264 75.88017 82.46969 76.27582 75.47185 82.52575 88.83693 97.6166 103.1703 105.5462 114.2595 116.8461 112.2185 120.0434 214.9721 254.0846 275.4233 145.7944 191.7316 151.2382 265.4002 139.3566 138.5208 142.8986 162.8251 154.8925 231.8987 162.2498 248.9078 161.4001 164.9386 238.2981 270.5198 171.9135 245.197 248.2035 251.4971 258.9401 250.3198 273.489 197.2975 249.2554 238.7991 295.0542 207.1986 218.4033 237.5311 291.7949
96.50907 121.0168 92.78454 87.09191 85.78973 87.64131 98.47842 76.65507 76.21155 66.2816 62.64184 195.2755 59.22837 63.52952 53.57063 48.76474 54.75283 46.48118 43.53913 50.62114 45.69464 42.44997 42.44997 42.26701 47.38553 34.17601 34.21257 32.88237 31.7805 31.01274 41.86884 28.85308 27.18047 26.87082 46.95743 14.76482 16.55295 35.51056 29.61419 26.4764 15.52417 0 2.236068 8.062258 21.32552 97.62172 28.84441 52.40468 197.3119 183.1781 180.7574 64.4236 69.92317 65.30697 65 71.83662 78.39005 87.46428 93.81424 95.85927 104.1804 106.6208 108.2959 116.2593 225.3619 265.4534 285.1041 149.7899 200.3846 155.5956 276.5018 133.889 136.6931 138.0036 166.976 149.0325 241.0187 164.2011 257.9821 162.4838 166.706 247.4207 280.182 170.5616 253.4345 256.4449 259.684 267.479 258.3738 282.0714 191.1023 255.9536 244.2007 303.5951 200.7567 220.5652 241.4788 299.5067
97.16481 118.84 93.25647 88.20431 86.59276 88.0568 98.27004 77.92946 76.55064 67.83251 64.19502 193.6563 59.84146 65.36819 55.10728 50.28916 54.44308 47.90094 44.1634 50.42321 47.42362 43.9659 42.95346 44.09649 46.76953 34.48188 34.27098 34.73111 33.54102 33.00019 41.03657 30.70016 29.13951 28.99578 49.1935 16.64332 15.26434 37.65634 31.7805 28.63564 13.92839 2.236068 0 6.324555 22.78401 95.52487 29.20616 53.41582 195.164 181.0172 178.5896 64.52441 70.30114 65.29931 64.88451 71.78092 78.29432 87.32125 93.52421 95.63472 104.0411 106.5129 107.1681 115.1212 223.1345 263.2173 282.8939 147.8716 198.2044 153.6522 274.2667 132.9969 135.3292 137.0328 165.0515 148.2073 238.8242 162.4592 255.7899 160.8229 164.9819 245.2264 277.9722 169.1604 251.2749 254.2853 257.5269 265.3074 256.2226 279.8986 190.3456 253.8725 242.2003 301.4249 200.0406 218.8196 239.5851 297.3739
102.8251 113.5048 98.66899 94.33981 92.43696 93.39165 102.4744 84.17244 81.78508 74.15693 70.5195 193.6309 65.49046 71.58911 61.43136 56.61272 58.56561 54.20793 49.86388 54.79507 53.7122 50.28916 48.50773 50.32395 50.25988 39.81206 39.22372 40.94203 39.81206 39.04572 44.04543 36.91206 35.22941 34.72604 53.85165 22.82542 17.80449 41.10961 35.4683 32.31099 15.55635 8.062258 6.324555 0 23.41889 93.08598 26.24881 51.9158 192.2004 177.9379 175.443 60.52603 66.93467 61.05735 60.41523 67.41291 73.82412 82.73452 88.64223 90.87354 99.43451 101.9657 101.0792 109.0209 218.3232 258.7624 277.8179 141.7392 192.8756 147.5568 269.6966 127.1518 129.0659 131.0954 158.9277 142.4409 233.6001 156.1698 250.5452 154.5057 158.6845 240 272.8922 162.878 245.8131 248.8232 252.0505 259.9154 250.715 274.5128 184.6591 248.0832 236.2054 296.022 194.4074 212.5324 233.4202 291.776
110.164 131.572 107.7424 97.21683 98.53348 103.0264 117.0304 85.51088 92.22822 72.50077 69.01288 216.4068 73.96471 65.8694 60.67336 56.357 74.08225 55.38 58.829 69.61042 51.01743 50.68969 58.48172 46.5003 67.71058 51.60211 52.66508 38.19286 38.52416 34.3637 62.69857 34.98968 31.96178 28.14689 37.60024 25.22124 37.87846 21.68973 17.84501 15.50627 36.71209 21.32552 22.78401 23.41889 0 116.3505 15.36591 31.94309 215.0351 200.6769 198.1179 49.06436 52.45977 50.74555 51.31385 57.40741 64.07114 73.28559 80.6646 82.14486 89.66914 91.84105 102.704 110.6253 237.7873 279.1457 296.274 154.1291 210.5139 160.3333 289.7678 125.4499 133.3108 130.2962 171.273 139.7792 251.5633 165.5378 268.3849 162.6585 167.7557 257.9388 291.3416 167.2713 262.6725 265.6742 268.8215 277.0808 267.3296 291.6774 180.8981 263.0178 249.5251 313.0667 190.1351 221.5847 244.8076 307.8111
132.8006 66.36287 124.2367 140.7302 130.2487 119.2015 103.7882 137.9058 110.4219 137.8632 135.1518 112.4342 109.4806 143.5897 128.0403 124.3543 85.49641 120.5591 103.1584 87.7069 126.6254 119.8666 100.4988 126.1923 78.46903 95.25755 91.45764 119.3995 117.047 120.4972 75.29276 116.3722 116.9506 119.7141 142.6359 106.7333 83.95237 133.0902 127.1417 124.0363 83.36066 97.62172 95.52487 93.08598 116.3505 0 113.7453 140.083 100.1699 86.44202 84.28671 135.3824 144.9905 133.8992 131.4724 137.7407 141.7921 147.6482 148.7563 152.1217 161.1197 163.9817 131.6435 136.8377 143.0874 177.2191 205.0123 116.1077 129.6919 118.423 189.3733 160.3034 141.5238 160.4151 129.1395 175.3416 165.3239 140.8119 181.9346 144.8068 144.0626 171.4672 200.2987 166.6741 182.3501 185.2188 188.649 194.1469 188.1622 208.0463 214.5951 193.8846 190.6725 229.2422 224.9361 189.0423 197.1446 229.894
