0 184.8241 14.89552 34.63469 8.148316 18.1278 6.11515 10.81437 21.92653 8.972523 25.66895 3.644715 9.454896 5.85525 34.26296 44.9717 7.427842 10.95727 16.65518 48.45021 7.337541 6.285394 8.721338 11.87226 29.76866 7.86381 28.0566 9.764195 11.54968 43.88819 48.80865 52.34295 54.73223 25.60719 9.222892 56.86393 10.39527 10.68517 44.30645 25.05362 29.53633 20.82326 24.39389 25.27088 17.91199 19.34355 32.01528 24.43257 23.41784 20.98118 56.49047 34.49566 49.58108 34.0454 28.38731 36.08717 29.08523 28.0467 30.67763 26.08864 40.84599 30.24448 63.88145 37.03535 50.25773 53.86151 179.6282 52.55743 44.55154 46.37914 41.53788 45.85552 43.19408 68.3037 66.76705 55.28707 45.94387 58.82725 54.56498 47.23529 47.32459 50.57948 53.91408 50.72317 56.15015 73.26876 67.45332 54.36457 53.54703 55.1569 57.39026 59.34134 60.18172 57.4626 55.53533 77.24532 61.36576 61.27856 59.36474 60.07917 60.53149 63.78223 61.2323 61.30122 67.09823 75.57847 68.59912 69.71016 66.12493 68.34191 68.92472 70.13919 69.12558 67.2314 68.30451 68.89973 75.30719 69.62164 72.19172 69.56416 69.39465 70.10829 70.64587 72.04671 71.29014 72.60667 73.24658 74.21707 74.76523 84.73983 74.7526 74.22231 74.43402 77.00509 78.34224 77.68083 76.21028 76.03841 77.46365 78.16617 85.39942 83.76558 82.76174 85.80375 84.8206 86.31438 84.27966 92.86343 92.08725 86.6792 87.89928 102.6345 101.1432 134.4245 223.5411 212.5045 211.2967 152.7436 156.6527 159.3841 167.8874 169.2902 172.8858 174.8334 180.1603 179.1975 180.6841 179.4236 184.9458 184.3838 185.7047 187.4331 195.2154 197.4379 200.2431 208.1296 274.0351 275.9669 277.479 309.8899 298.323 336.1223 229.2084 233.9491 322.3912 226.6099 226.7952 230.529 245.6521 289.5735 241.8522 283.4873 248.1231 291.4646 248.1309 250.9827 293.9625 302.3797 291.4555 316.5123 315.8453 334.7044 260.0365 318.3947 316.4693 338.047 348.9808 323.2288 313.0198 321.6361 351.1691 340.5054 342.2683 353.9789 283.9644 356.007 324.3867 343.5251 355.5474 324.5097 359.1417 353.6635 362.2934 320.4215 318.0532 319.9552 293.6125 320.781 322.133 367.2357 367.658 363.3168
184.8241 0 178.8912 174.9526 182.4132 178.9953 182.2282 179.8959 176.3001 187.506 174.3606 183.9968 185.7188 183.9493 170.6953 167.1216 178.5303 177.0282 174.9223 165.4358 180.8129 179.5264 176.6863 175.1683 169.0679 176.9607 168.6609 178.7869 174.0688 163.8645 162.9692 161.9363 162.092 187.8197 176.3849 160.8547 176.3411 174.2227 161.9029 184.6618 186.8911 180.5839 165.7199 181.9893 176.9318 166.6261 184.5204 163.5561 178.1993 175.8839 154.1613 184.4052 153.476 180.5165 177.757 181.9444 175.5334 157.7151 155.9983 169.6254 180.464 155.4879 145.6124 150.2374 181.4743 181.8831 167.2971 177.0023 163.2631 160.5305 145.563 157.0737 142.8005 179.2708 177.851 164.3434 140.6164 165.6761 130.4422 142.3573 141.3314 140.9451 130.9925 136.7294 128.7613 173.3851 167.2459 131.1629 141.146 131.7698 129.0263 125.4828 124.6872 145.5281 139.5105 168.992 145.4389 124.0021 130.5905 127.4391 128.6713 142.1844 130.5849 129.4657 117.785 143.296 116.4079 115.1314 134.613 137.7654 116.912 115.0578 132.4767 125.6795 119.5557 118.0084 146.7997 134.2785 113.293 128.9826 127.7242 118.3937 116.8054 114.917 121.2693 115.102 122.7267 114.4923 112.8756 149.5988 126.4713 120.6991 117.3718 109.7716 134.7342 132.9502 114.4008 113.3842 114.6629 111.1685 139.4794 127.717 126.2501 128.5483 125.232 126.3927 111.0566 139.6641 138.0688 117.749 118.4879 129.4673 125.3362 66.71005 115.6567 101.5367 98.27953 113.6737 117.1164 119.8032 109.8655 111.8256 118.7755 114.7692 127.8037 120.837 122.8744 117.8792 128.0282 126.0324 116.0767 119.4986 126.9477 129.5165 83.80422 86.0478 110.3002 113.2539 113.9623 157.1251 128.1191 169.571 49.47302 52.25791 166.8036 108.1062 82.03549 106.2001 63.45975 113.5402 121.0747 104.4018 74.16245 113.9077 78.58605 77.41781 115.8595 126.3728 110.6848 144.5546 142.1588 166.3399 102.1354 138.9329 133.818 161.9767 176.3467 142.6107 129.6103 140.0979 178.3385 164.1221 166.4046 181.1368 155.9212 183.3384 142.4654 166.8473 182.339 142.1146 185.7496 175.7535 188.2149 135.7254 133.2333 135.1722 165.9707 135.9587 137.3417 190.9858 192.7777 184.5443
14.89552 178.8912 0 19.79728 6.887097 3.446236 8.78059 4.135065 7.032377 23.7905 10.79809 17.86645 23.93948 19.97189 19.42189 30.13473 9.556202 6.090876 3.970571 33.63883 19.64657 16.80241 10.50867 7.497325 15.35104 13.58876 13.97573 20.97986 10.31659 29.27435 34.12052 37.64363 39.98595 39.75884 17.18814 42.14642 19.41903 15.30755 29.86802 38.68863 43.40621 33.56995 13.32036 38.33897 29.22877 13.892 45.4241 15.36912 35.47908 32.11188 42.27672 47.81781 35.92877 46.67516 40.40612 48.9511 40.51185 21.89086 23.00094 35.15504 53.36758 23.99511 50.20944 28.66258 62.76401 66.34831 164.9679 64.35482 53.42585 54.66588 41.93366 53.10146 42.17541 80.1484 78.46435 64.88218 45.28783 68.73875 50.98132 48.76461 48.23771 52.74034 48.65969 50.38175 50.81654 84.28928 77.67374 51.77825 56.72045 53.9896 55.60453 54.5628 54.93621 62.83213 58.58601 87.65265 67.18063 57.93185 59.75774 58.97164 60.41881 69.05303 62.31986 61.90843 62.61779 82.01052 64.44109 64.93834 69.71839 73.05165 65.91315 66.28967 72.60353 68.1843 66.83553 66.77815 82.35282 73.63415 68.65869 72.14329 71.56496 68.88145 68.78218 69.78848 71.75103 70.78205 74.68667 72.83077 72.77812 92.48957 77.51479 75.24323 74.35884 74.37098 83.33259 82.25984 75.53909 74.87314 77.27792 76.82801 91.61931 87.82646 86.44259 90.17877 88.48989 90.3308 84.60161 99.33886 98.31123 89.01241 90.52556 107.9289 105.8106 125.0435 211.2484 200.6215 199.5495 156.5861 160.7641 163.6945 171.1753 172.7213 176.8323 178.3959 184.6657 183.1559 184.7695 183.1311 189.3257 188.6189 189.0891 191.0445 199.1702 201.5178 200.5672 208.3437 264.2641 266.0854 267.65 298.8912 288.9431 326.0909 224.6701 229.1091 311.5011 227.7696 225.7811 231.3328 240.7797 280.9743 243.2558 275.3993 244.6264 283.074 245.1779 247.5724 285.6406 293.6852 283.6316 307.1977 306.7489 324.8692 258.5215 310.1688 308.993 329.1553 339.5608 315.2137 305.8078 313.8392 341.7632 331.6492 333.325 344.5607 285.6091 346.5567 316.6761 334.7003 346.1693 316.9288 349.771 344.9976 353.0014 313.9408 311.845 313.6178 295.4398 314.6692 315.8127 358.2415 358.4561 354.7693
34.63469 174.9526 19.79728 0 26.50472 16.50757 28.53945 23.93162 12.87245 43.57178 9.486833 37.66298 43.73214 39.7555 4.527693 11.70603 29.02585 25.10976 19.30026 15.20691 39.22372 36.28361 29.47032 25.62226 9.300538 32.62668 11.33578 40.26164 28.15138 12.74755 16.50757 19.72308 21.69101 59.43484 36.06245 23.92697 38.26879 33.53357 14.30035 58.19364 62.96428 52.81545 19.09188 57.62378 48.06766 26.50472 64.77075 22.63846 54.3921 50.73734 26.20115 67.10067 22.63846 65.62202 59.16502 67.98897 58.96185 29.30017 27.78489 52.55949 72.15608 30.37269 35.36241 30.04164 81.42788 84.96176 146.1898 82.52575 69.7603 70.5002 51.7349 68.17991 50.42321 98.16568 96.38724 81.40758 53.52102 85.42394 54.94451 58.94489 57.83165 63.20381 50.60138 58.38236 52.36888 101.6132 94.43781 56.94295 67.90066 60.66712 61.37745 56.48451 56.14713 75.77928 69.51619 104.4246 80.35079 61.48577 67.75323 65.27251 67.78274 81.62414 70.91192 69.98928 64.2067 95.26474 66.33626 65.92799 80.57605 84.90289 69.25677 68.47262 83.20645 76.25287 72.10062 71.22149 96.18992 84.74963 71.10731 81.8077 80.81151 74.31353 73.42002 73.85459 79.04745 75.34255 82.96083 77.82352 77.00974 106.7731 87.13495 83.00904 80.87799 77.66595 95.10258 93.63893 81.27115 80.02812 83.51347 81.66088 104.415 98.47842 96.729 101.0965 98.69777 100.8588 91.11806 112.2252 110.9617 97.71643 99.51131 119.409 116.6555 116.5011 197.0343 187.1596 186.3257 165.7181 170.1661 173.2989 179.5007 181.2029 185.8884 186.9826 194.3155 192.1731 193.924 191.8502 198.7926 197.9204 197.3734 199.5858 208.0626 210.5433 204.9598 212.5345 253.9993 255.6414 257.2829 286.5839 279.2045 315.249 222.3522 226.3371 299.3397 233.0346 228.251 236.1239 237.8918 272.4536 248.7409 267.6686 243.636 274.8609 244.9296 246.6842 277.5221 284.9781 276.2653 297.5071 297.3928 314.334 260.1389 302.1167 302.0569 320.0519 329.6309 307.4614 299.2699 306.4148 331.8501 322.5934 324.1335 334.6229 291.2061 336.5657 309.3711 325.6847 336.2893 309.8147 339.8948 336.1971 343.2383 308.4413 306.745 308.3261 301.2312 309.6984 310.5387 348.9185 348.8187 346.1246
8.148316 182.4132 6.887097 26.50472 0 10 2.236068 3.14466 13.89244 17.11724 17.67767 11.40175 17.46425 13.60147 26.30589 37.01731 5.385165 5.385165 9.433981 40.52468 13.89244 11.40175 7.28011 7.28011 22.13594 9.433981 20.61553 15.70032 9 36.13862 41 44.52527 46.87217 33.52611 12.80625 49.0306 14.86607 12.08305 36.68787 32.72308 37.33631 27.99057 18.38478 32.64966 24.20744 15.81139 39.60114 19.41649 30.23243 27.22948 49.0408 42.04759 42.48529 41.24621 35.22783 43.41659 35.60899 24.69818 26.61766 31.241 48.02083 26.92582 56.79789 32.75668 57.45433 61.05735 171.8504 59.40539 49.81967 51.34307 42.10701 50.24938 43.01163 75.21303 73.60027 61.00335 46 64.72442 53.11705 48.50773 48.25971 52.23558 51.5461 51.0098 53.75872 79.77625 73.53911 53.46027 55.7853 55.03635 56.95146 57.28001 57.87055 60.92618 57.72348 83.45058 65.09416 60.01666 60.13319 60.03332 61.03278 67.23095 62.39391 62.20129 65.25335 79.70232 66.94027 67.72001 68.68042 71.51224 67.89698 68.65858 71.63493 68.35934 68.11755 68.35934 79.75588 72.42237 70.89605 71.58911 71.19691 70.06426 70.25667 71.44928 72.1734 72.24957 74.67262 74.10803 74.33034 89.58795 76.90254 75.42546 75.04166 76.22664 81.70679 80.82234 76.50163 76.05919 78.02564 78.1025 89.44272 86.6516 85.44004 88.86507 87.5 89.1852 85.14693 97.06184 96.15092 88.64536 90.02777 106.2309 104.4031 130 217.4075 206.6242 205.5 155.647 159.7028 162.5423 170.511 171.9913 175.8636 177.6091 183.4394 182.1867 183.7417 182.28 188.1622 187.5233 188.3944 190.2446 198.2142 200.5044 201.3008 209.1329 269.445 271.3116 272.8553 304.5687 293.9692 331.3877 227.6071 232.181 317.1376 228.135 227.1409 231.8642 243.8709 285.676 243.5162 279.8857 247.1113 287.6891 247.4207 250.0201 290.2275 298.4292 288.0087 312.2003 311.6617 330.0866 260.1235 314.7205 313.2287 333.9873 344.6114 319.678 309.9306 318.2114 346.8083 336.4669 338.1789 349.6112 285.7745 351.6205 321.0125 339.5055 351.2036 321.2104 354.8028 349.7385 358.0014 317.7528 315.5392 317.3681 295.5237 318.3225 319.5561 363.1199 363.4199 359.4624
18.1278 178.9953 3.446236 16.50757 10 0 12.04159 7.520343 4.123106 27.07397 7.905694 21.2132 27.29469 23.34524 16.49242 27.16213 13 9.433981 5.385165 30.69609 23.08679 20.24846 13.89244 10.63015 13.0384 17 12.04159 24.42335 13.45362 26.57066 31.32092 34.82097 37.10795 43.17407 20.59126 39.29377 22.82542 18.60108 27.313 42.12838 46.84015 37.01539 13.34166 41.78516 32.64966 15.81139 48.86972 16.03122 38.91015 35.51682 39.81206 51.26402 33.83785 50.11237 43.82921 52.39275 43.909 23.02173 23.6326 38.41875 56.79789 25 48.02083 28.86174 66.18912 69.77105 162.0926 67.74216 56.58622 57.75908 43.9659 56.0803 43.93177 83.52844 81.8352 68.08593 47.07441 71.96701 52.06918 50.92151 50.28916 54.97171 49.36598 52.17279 51.47815 87.6028 80.91971 53.08484 59.09315 55.57877 57.04893 55.3263 55.57877 65.51336 60.92618 90.90655 69.90887 59.00847 61.61169 60.53098 62.16912 71.69379 64.28841 63.78871 63.3877 84.78324 65.27634 65.62012 72.09022 75.591 67.00746 67.18631 74.94373 70.0928 68.26419 68.06614 85.2115 76.05919 69.61501 74.33034 73.68175 70.34913 70.11419 71.02816 73.5459 72.11103 76.65507 74.24284 74.06079 95.42536 79.71198 77.12976 76.03453 75.50166 85.88364 84.74816 77.08761 76.32169 78.91768 78.23043 94.33981 90.21364 88.76936 92.61209 90.80887 92.70383 86.31338 102.0833 101.0198 91.09336 92.65528 110.4762 108.2589 124.2578 209.4421 198.9645 197.94 158.8269 163.0491 166.012 173.3032 174.8742 179.0754 180.5685 187.0027 185.3969 187.0321 185.3267 191.6377 190.9057 191.2218 193.2175 201.4007 203.7695 202.094 209.8425 263.2596 265.0472 266.6271 297.4974 288.0466 324.9915 225.0889 229.4515 310.1391 229.4506 227.0088 232.9399 241.1079 280.3048 244.9784 274.8745 245.2835 282.4624 245.9614 248.2482 285.0474 292.9846 283.1766 306.3152 305.9297 323.8289 259.6233 309.5949 308.6245 328.3893 338.6399 314.6967 305.511 313.3824 340.846 330.8927 332.5432 343.6393 287.3636 345.6255 316.242 333.9521 345.2593 316.5298 348.8624 344.292 352.115 313.8341 311.8092 313.5482 297.2276 314.6572 315.7469 357.4399 357.5947 354.095
6.11515 182.2282 8.78059 28.53945 2.236068 12.04159 0 4.714045 15.81139 15.0333 19.55761 9.219544 15.29706 11.40175 28.16026 38.87199 4 5.656854 10.77033 42.35859 11.6619 9.219544 6 7.211103 23.76973 7.615773 22.13594 13.50926 8.246211 37.85499 42.75512 46.28715 48.6621 31.32092 10.81665 50.80354 12.80625 10.44031 38.32754 30.49262 35.1141 25.75795 19.20937 30.41381 22.02272 15.65248 37.36643 19.84943 28.01785 25.05549 50.59644 39.81206 43.86342 39.01602 33.01515 41.18252 33.42155 24.59675 26.76752 29.20616 45.79301 26.83282 58.18075 33.01515 55.22681 58.83026 173.5979 57.2014 47.80167 49.37386 41.01219 48.37355 42.10701 73.00685 71.40028 58.92957 45.04442 62.62787 52.57692 47.26521 47.09565 50.91387 51.26402 50.01 53.48832 77.6096 71.42129 52.7731 54.34151 54.14795 56.14883 56.921 57.58472 59.23681 56.29387 81.32035 63.35811 59.43904 59.03389 59.13544 60 65.55151 61.20457 61.07373 64.84597 77.90316 66.48308 67.35726 67.18631 69.89278 67.26812 68.15424 70.15385 67.18631 67.26812 67.60178 77.89737 70.88018 70.3438 70.21396 69.87131 69.18092 69.46222 70.71068 71.06335 71.44928 73.43705 73.24616 73.5527 87.66413 75.50497 74.24284 74.00169 75.54138 80.05623 79.21648 75.54138 75.16648 77 77.23341 87.66413 85.10288 83.9345 87.28115 85.99564 87.64131 84.05355 95.25755 94.37161 87.29834 88.64536 104.5466 102.7862 130.4186 218.4331 207.5553 206.4007 154.1201 158.1455 160.9627 169.0473 170.511 174.3244 176.1136 181.8378 180.6461 182.1867 180.7678 186.5744 185.9516 186.9192 188.7432 196.6737 198.9497 200.2024 208.0488 269.9373 271.8253 273.3587 305.3079 294.3865 331.9307 227.2004 231.8211 317.8541 226.9288 226.2211 230.7033 243.5159 285.9483 242.279 280.0661 246.5461 287.9236 246.7752 249.442 290.4497 298.7189 288.1423 312.6052 312.0256 330.5912 259.2725 314.9254 313.3016 334.3132 345.0362 319.8453 309.9581 318.3402 347.2305 336.7863 338.5144 350.0357 284.5069 352.0511 321.1261 339.8191 351.6205 321.3015 355.2182 350.0229 358.402 317.6568 315.3982 317.2483 294.2333 318.1656 319.4335 363.4647 363.8035 359.7252
10.81437 179.8959 4.135065 23.93162 3.14466 7.520343 4.714045 0 11.13353 19.66949 14.85672 13.73155 19.8046 15.83947 23.44971 34.16021 5.734884 3.399346 6.289321 37.64491 15.60627 12.82792 7.086764 5.374838 19.09334 9.944289 17.51824 17.07012 7.803133 33.15452 38.04675 41.57791 43.94947 35.6542 13.53596 46.0929 15.7339 12.07845 33.65346 34.63749 39.33475 29.61465 15.33696 34.35921 25.44056 13.53596 41.41424 16.57977 31.63156 28.38231 45.96617 43.82414 39.35593 42.78402 36.59083 45.02839 36.79523 22.25359 23.94554 31.82068 49.50982 24.45858 53.67081 29.98148 58.92557 62.51844 168.8938 60.64835 50.27149 51.64408 40.72946 50.30131 41.36692 76.45623 74.79899 61.61989 44.41346 65.42022 51.00682 47.33099 46.96334 51.17508 49.17542 49.46941 51.37336 80.76801 74.30941 51.51591 54.92318 53.3375 55.13978 54.97474 55.49374 60.52456 56.83211 84.26479 64.78533 57.93579 58.71305 58.33714 59.51657 66.79737 61.10283 60.81849 62.98589 79.51643 64.72163 65.40557 67.88389 70.9499 65.86265 66.48726 70.81044 67.03399 66.34673 66.47472 79.71338 71.70929 68.77358 70.58014 70.10627 68.33415 68.41459 69.53816 70.74995 70.41228 73.43402 72.34562 72.46302 89.70631 75.92467 74.10503 73.51512 74.24771 81.19455 80.2214 74.86469 74.33408 76.47585 76.34498 89.19953 85.93441 84.6437 88.21313 86.69951 88.45652 83.68526 96.8722 95.90389 87.57029 89.01061 105.7681 103.8038 127.0717 214.2722 203.504 202.3861 154.8523 158.964 161.8453 169.5972 171.1069 175.0863 176.7509 182.7801 181.4108 182.9924 181.4512 187.475 186.8053 187.4973 189.3944 197.4349 199.7512 199.8013 207.612 266.4727 268.3292 269.8775 301.4972 291.0333 328.391 225.287 229.8156 314.0735 226.7895 225.3964 230.4508 241.4999 282.8211 242.216 277.0882 244.9501 284.8571 245.3465 247.8723 287.4031 295.5637 285.2418 309.2705 308.7538 327.1073 258.2889 311.9063 310.5029 331.1001 341.6707 316.8878 307.2375 315.4469 343.869 333.5834 335.2863 346.6707 284.5175 348.6769 318.2581 336.6252 348.267 318.4716 351.8668 346.8749 355.0731 315.1535 312.9764 314.7878 294.3017 315.7726 316.9781 360.2215 360.5004 356.6116
21.92653 176.3001 7.032377 12.87245 13.89244 4.123106 15.81139 11.13353 0 30.8026 3.807887 24.83948 30.89336 26.90725 12.43382 23.13507 16.16168 12.28007 6.723095 26.65427 26.35906 23.43075 16.69731 12.9769 9 19.85951 8.246211 27.46088 15.65886 22.4544 27.22499 30.73272 33.03937 46.56393 23.36236 35.21647 25.58906 21.01904 23.19052 45.35416 50.11387 40.04754 11.42804 44.84863 35.43162 16.03122 51.98125 14.6697 41.74446 38.19133 35.69314 54.33415 29.80604 52.97971 46.58755 55.31365 46.51236 21.93171 21.93855 40.54874 59.58691 23.70654 43.9477 26.59323 68.92315 72.4831 158.0315 70.24813 58.35923 59.36142 43.75386 57.42822 43.33359 85.98139 84.24726 69.9482 46.49516 73.89215 50.57372 50.8488 50.06396 54.99172 47.45103 51.56937 49.50354 89.78112 82.88426 51.84785 59.31779 54.68821 55.96529 53.4453 53.56491 66.24349 61.09173 92.8838 70.71386 57.46825 61.05244 59.5802 61.46544 72.33395 63.88114 63.2582 61.48333 85.64183 63.43816 63.61289 72.27171 76.04341 65.45991 65.41101 75.06705 69.58161 67.1193 66.74728 86.2392 76.31776 67.90029 74.2159 73.46292 69.24738 68.8433 69.64194 72.867 70.83078 76.21155 73.06025 72.71864 96.59917 79.60025 76.56892 75.1881 73.97364 86.33539 85.09436 76.07168 75.17978 78.01666 77.02597 95.08417 90.38197 88.84256 92.85257 90.86611 92.84503 85.49269 102.863 101.733 90.78436 92.41645 110.8873 108.5035 120.8611 205.4658 195.0495 194.046 158.6953 162.9847 165.9982 172.9908 174.599 178.9374 180.3208 187.0107 185.2528 186.9214 185.1124 191.6038 190.8319 190.909 192.9653 201.2342 203.6355 200.9363 208.6466 259.6901 261.4563 263.0456 293.702 284.5448 321.3594 222.6791 226.9665 306.3597 228.4857 225.4746 231.8767 238.6068 276.96 244.0652 271.6369 243.1103 279.1595 243.9213 246.094 281.7577 289.6166 279.9914 302.8214 302.4784 320.233 257.9342 306.3175 305.5044 324.9729 335.1191 311.4614 302.4487 310.193 337.3274 327.4828 329.1158 340.1179 286.4851 342.0976 313.07 330.5477 341.7452 313.3851 345.3491 340.917 348.6161 310.9288 308.9654 310.6749 296.3927 311.8339 312.8766 353.9975 354.1121 350.7416
8.972523 187.506 23.7905 43.57178 17.11724 27.07397 15.0333 19.66949 30.8026 0 34.50362 6.082763 2 4.472136 43.04649 53.7311 15.29706 19.23538 25.17936 57.17736 7.071068 9.433981 15.81139 19.64688 38.32754 13.41641 36.49658 8.746428 18.38478 52.46904 57.42822 60.9631 63.3877 17 12.04159 65.49046 11.40175 15 52.7731 16.92926 21.09502 13.92141 31.95309 17.69181 13.15295 25.55386 23.90084 31.30495 17 15.84649 64.7611 26.40076 57.56735 26.51886 21.63331 28.3196 22.82542 33.42155 36.50342 22.2036 33.24154 35.4683 71.7844 42.80187 42.52058 46.09772 188.1197 45.27693 39.56008 41.7426 42.37924 41.97618 44.77723 60.82763 59.39697 49.48139 47.16991 52.73756 57.12733 47.07441 47.53946 49.8754 57.42822 51.5461 59.64059 66.27405 61.03278 56.36488 52.08647 56.30275 58.82575 62.43397 63.51378 54.45181 54.08327 70.60453 57.95904 63.50591 59.43904 61.03278 60.87693 60.67125 60.82763 61.18823 69.83552 71.49746 71.11962 72.56032 64.03124 65.49046 70.77429 72.44998 67.03777 66.75328 69.26038 70.2282 70.83784 67.18631 74.27819 68.02941 68.11755 70.88018 71.7844 73.38937 71.02112 73.68175 72.33948 75 75.89466 79.70571 73 73.5527 74.42614 78.47611 75.13322 74.74122 76.52777 76.65507 77.46612 78.84795 81.32035 81.05862 80.30567 82.8734 82.34227 83.60024 83.86298 88.54377 87.93179 85 86.02325 98.95454 97.86215 139.3879 230.2021 218.8985 217.6011 149.6429 153.3754 155.9776 165.0606 166.3731 169.6496 171.8197 176.5701 175.9346 177.3415 176.3094 181.4166 180.942 182.7643 184.3529 191.9111 194.0541 199.0904 207.0229 278.9769 280.9786 282.4553 315.6127 302.9902 341.1876 230.9329 235.8495 328.0339 224.8959 226.3846 229.0196 247.552 293.7467 239.9636 287.3413 249.1766 295.503 248.8534 251.9788 297.9547 306.6023 295.1339 321.123 320.3155 339.6418 259.8678 322.3042 319.9042 342.369 353.6382 327 316.291 325.2699 355.816 344.8028 346.6208 358.6321 281.8692 360.6799 327.9634 347.8002 360.1736 328.004 363.7609 357.8296 366.8596 323.2264 320.6899 322.6709 291.3971 323.355 324.836 371.6057 372.1626 367.4007
25.66895 174.3606 10.79809 9.486833 17.67767 7.905694 19.55761 14.85672 3.807887 34.50362 0 28.50439 34.53259 30.53686 8.631338 19.33989 19.6596 15.70032 9.823441 22.85279 29.84125 26.87936 20.0125 16.14001 5.700877 23.16247 5.700877 30.80584 18.66815 18.66815 23.42008 26.92582 29.23183 50.06496 26.58007 31.4086 28.78368 24.05203 19.45508 48.75756 53.5397 43.34135 11.42366 48.1508 38.58108 17.67767 55.30145 14.98332 44.90546 41.25867 31.97655 57.62378 26.31539 56.136 49.684 58.50214 49.50253 22.19234 21.58703 43.22615 62.67775 23.71708 40.35468 25.5049 71.9618 75.50166 154.2241 73.11976 60.70008 61.56523 44.50281 59.43484 43.73214 88.79471 87.0316 72.33094 46.88816 76.31677 50.05696 51.67688 50.75924 55.88132 46.52419 51.90857 48.50258 92.381 85.32585 51.58003 60.36969 54.7403 55.82584 52.52142 52.50238 67.70894 62.08462 95.32313 72.23053 56.87266 61.38811 59.5525 61.66441 73.7055 64.34672 63.61211 60.50207 87.17211 62.518 62.518 73.24275 77.24312 64.82669 64.54843 75.97903 69.93211 66.87675 66.33626 87.91189 77.34662 67.09136 74.91662 74.07091 69.03984 68.47262 69.15562 73.05135 70.44501 76.60614 72.76331 72.26687 98.37937 80.2901 76.85376 75.20804 73.33485 87.51286 86.18149 75.9276 74.91662 77.97756 76.69746 96.5013 91.3017 89.67999 93.8323 91.6856 93.73633 85.51316 104.3 103.114 91.27157 92.96505 111.9933 109.4646 118.163 202.0111 191.6839 190.7099 159.2749 163.623 166.6808 173.3969 175.0386 179.5007 180.783 187.7032 185.8077 187.506 185.6031 192.2563 191.4484 191.3068 193.4179 201.7624 204.1923 200.5355 208.2064 256.7599 258.5005 260.1009 290.491 281.6928 318.3504 221.026 225.2343 303.1687 228.2604 224.7009 231.5567 236.8554 274.2899 243.8847 269.0883 241.6951 276.5366 242.6407 244.6974 279.1496 286.919 277.5005 299.9775 299.684 317.2675 257.0005 303.7211 303.0831 322.2173 332.2416 308.9118 300.0908 307.6947 334.4525 324.7345 326.3472 337.2395 286.3285 339.2116 310.5906 327.8056 338.8753 310.9359 342.4799 338.2078 345.7636 308.7403 306.8428 308.5207 296.2756 309.733 310.7254 351.2103 351.2784 348.0564
3.644715 183.9968 17.86645 37.66298 11.40175 21.2132 9.219544 13.73155 24.83948 6.082763 28.50439 0 6.082763 2.236068 37.01351 47.68418 9.219544 13.15295 19.10497 51.11996 4.123106 4.472136 9.848858 13.60147 32.24903 7.81025 30.41381 6.670832 12.52996 46.38965 51.35173 54.88625 57.31492 22.13594 7.615773 59.4138 8.062258 10 46.69047 21.46625 26 17.17961 26 21.63331 14.42221 20 28.41215 25.55386 19.79899 17.47697 58.69412 30.88689 51.5461 30.40148 24.75884 32.44996 25.4951 28.28427 31.18493 22.84732 37.20215 30.41381 65.78754 37.53665 46.61545 50.21952 182.0381 48.9183 41.18252 43.08261 39.81206 42.72002 41.76123 64.66065 63.12686 51.79887 44.38468 55.30145 53.57486 45.17743 45.39824 48.35172 53.33854 49.0306 55.56978 69.65092 63.89053 53.14132 51.08816 53.60037 55.95159 58.59181 59.5399 54.57105 53.08484 73.66139 58.38022 60.16644 57.42822 58.46366 58.69412 60.87693 59.13544 59.3043 66.21178 72.44943 67.62396 68.8767 63.50591 65.51336 67.6757 69.07966 66.51363 65.12296 66.70832 67.44627 72.09022 66.91039 71.044 67.1193 67.02984 68.44706 69.12308 70.60453 69.26038 71.06335 71.00704 72.56721 73.24616 81.41253 72.24957 72.06247 72.5 75.62076 75.43209 74.8415 74.39422 74.33034 75.53807 76.48529 82.28001 80.99691 80.06248 82.9759 82.11729 83.54639 82.21922 89.69392 88.95504 84.21401 85.37564 99.62429 98.23441 134.618 224.6597 213.4687 212.2104 149.9066 153.7693 156.4672 165.1303 166.5083 170.0176 172.0262 177.2005 176.3236 177.7892 176.5899 182.0027 181.4635 182.9201 184.6104 192.3336 194.5353 198 205.9031 274.2437 276.2101 277.7049 310.4968 298.4007 336.3963 228.0022 232.8132 322.957 224.1938 224.8044 228.1776 244.5179 289.418 239.3846 283.1855 246.6617 291.2473 246.5461 249.5002 293.7244 302.2482 291.0756 316.5644 315.8307 334.9155 258.1342 318.121 315.984 337.9644 349.0573 322.8932 312.4628 321.239 351.2407 340.4115 342.2002 354.0537 281.439 356.0913 323.9645 343.421 355.6093 324.0511 359.2005 353.5095 362.3272 319.6659 317.227 319.1622 291.052 319.9291 321.3349 367.1773 367.6629 363.1257
9.454896 185.7188 23.93948 43.73214 17.46425 27.29469 15.29706 19.8046 30.89336 2 34.53259 6.082763 0 4 43 53.64263 15.0333 19.0263 25.01999 57.0548 5.830952 8.544004 15.29706 19.23538 38.11824 12.64911 36.22154 7.106335 17.72005 52.23983 57.21888 60.74949 63.1981 16.15549 10.81665 65.27634 9.899495 13.89244 52.46904 15.75436 20.12461 12.26671 31.32092 16.27882 11.18034 24.59675 22.74313 30.46309 15.26434 13.92041 64.32729 25.23886 57.00877 25.12469 20 27.01851 21.09502 32.20248 35.36241 20.22375 31.89044 34.20526 71.16881 41.6173 41.23106 44.82187 187.7631 43.84062 37.69615 39.84693 40.49691 40.02499 42.95346 59.46427 58 47.73567 45.31004 51.04165 55.3829 45.12206 45.60702 47.89804 55.80323 49.64877 58.00862 64.77847 59.40539 54.56189 50.08992 54.42426 56.96804 60.74537 61.85467 52.46904 52.08647 69.02898 55.9933 61.7171 57.48913 59.13544 58.94065 58.69412 58.85576 59.22837 68.09552 69.57778 69.35416 70.83078 62.03225 63.50591 68.942 70.66116 65.03893 64.77654 67.35726 68.35203 68.94926 65.19202 72.46551 66.0303 66.1211 68.96376 69.89278 71.51224 69.05071 71.7844 70.34913 73.08215 74 77.87811 71 71.56815 72.46551 76.60614 73.1642 72.7616 74.58217 74.72617 75.50497 76.92204 79.40403 79.07275 78.31347 80.89499 80.35079 81.61495 81.88406 86.64872 86.02325 83 84.02381 97.01546 95.90099 137.9311 229.1048 217.732 216.4122 147.6787 151.4199 154.0292 163.0859 164.4019 167.6932 169.8529 174.6339 173.9799 175.391 174.3474 179.477 178.9972 180.7948 182.3897 189.9594 192.1067 197.0913 205.0241 277.4944 279.5085 280.9786 314.2802 301.4586 339.7234 229.0546 233.985 326.6837 222.8972 224.397 227.0198 245.6868 292.1377 237.9669 285.6869 247.2509 293.8741 246.9089 250.0495 296.3191 305 293.4553 319.581 318.7507 338.1546 257.8861 320.6556 318.193 340.7799 352.1023 325.3321 314.56 323.5838 354.2781 343.2098 345.0362 357.0952 279.8762 359.1462 326.2698 346.2037 358.6321 326.2999 362.2182 356.2162 365.3081 321.4425 318.8887 320.8777 289.4067 321.5474 323.0414 370.0228 370.6009 365.7749
5.85525 183.9493 19.97189 39.7555 13.60147 23.34524 11.40175 15.83947 26.90725 4.472136 30.53686 2.236068 4 0 39 49.64405 11.04536 15.0333 21.0238 53.05893 3.162278 5 11.40175 15.29706 34.1321 8.944272 32.24903 5.522681 13.92839 48.25971 53.23533 56.76707 59.21149 19.92486 7.81025 61.29437 7.615773 10.63015 48.50773 19.23018 23.76973 15.00463 27.51363 19.41649 12.52996 21.09502 26.17728 26.83282 17.69181 15.54921 60.41523 28.6531 53.16014 28.20018 22.62742 30.23243 23.43075 29.06888 32.1014 21.18962 35 31.14482 67.35726 38.41875 44.40721 48.01042 183.8248 46.75468 39.35734 41.32527 39.29377 41.10961 41.4367 62.482 60.959 49.84384 43.9659 53.30338 53.50866 44.40721 44.72136 47.45056 53.53504 48.50773 55.75841 67.52962 61.84658 52.92447 50.01 53.16014 55.58599 58.66856 59.68249 53.15073 52.00961 71.58911 56.87926 60.00833 56.7186 57.97413 58.0517 59.43904 58.30952 58.54912 66.18912 70.81922 67.54258 68.88396 62.28965 64.13267 67.41662 68.942 65.29979 64.28063 66.21933 67.05222 70.38466 65.62012 70.84667 66.0303 66 67.91171 68.68042 70.21396 68.46897 70.60453 70.06426 72.03471 72.8011 79.60528 71.11259 71.17584 71.77221 75.26287 73.97973 73.44556 73.74619 73.75636 74.8131 75.9276 80.65358 79.65237 78.77182 81.58431 80.82234 82.20097 81.3941 88.02272 87.31552 83.09633 84.21401 98.0816 96.77293 135.2072 225.7632 214.4867 213.2 148.4891 152.3155 154.9871 163.7712 165.1303 168.5734 170.6283 175.6844 174.8742 176.3236 175.1713 180.4993 179.9778 181.5382 183.1993 190.8766 193.0622 197.0102 204.924 274.8183 276.805 278.2894 311.3022 298.8954 337.0054 227.706 232.5618 323.7379 223.0784 223.9866 227.1079 244.2662 289.7731 238.2309 283.4519 246.1971 291.5647 246 249.0213 294.0289 302.6169 291.2937 317.0426 316.2689 335.4873 257.3738 318.4023 316.1353 338.3603 349.5483 323.1362 312.57 321.4444 351.7286 340.8005 342.6047 354.5434 280.241 356.5866 324.1543 343.8037 356.0913 324.2185 359.6804 353.8616 362.792 319.6487 317.1656 319.1215 289.828 319.8511 321.2908 367.5864 368.11 363.4546
34.26296 170.6953 19.42189 4.527693 26.30589 16.49242 28.16026 23.44971 12.43382 43.04649 8.631338 37.01351 43 39 0 10.7136 28.01785 24.02082 18.02776 14.22146 38.11824 35.12834 28.16026 24.18677 5.830952 31.257 8.062258 38.89087 26.4764 10.29563 14.86607 18.34394 20.61553 58.30952 34.52535 22.80351 36.67424 31.7805 11.40175 56.8542 61.66036 51.28488 15.81139 56.08921 46.32494 23.70654 63.24753 19.20937 52.63079 48.85466 23.85372 65.51336 19.20937 63.80635 57.28001 66.21933 56.921 25.4951 23.71708 50.15974 70.21396 26.40076 32.64966 25.63201 79.37884 82.8734 145.6031 80.23092 66.88797 67.48909 47.80167 65 46.32494 95.7549 93.94147 78.53103 49.39636 82.57875 50.5006 55 53.82379 59.26682 46.09772 54.20332 47.85394 98.92548 91.58603 52.55473 64.03124 56.36488 57.00996 51.97115 51.62364 72.13876 65.60488 101.548 76.72842 57.00877 63.52952 60.92618 63.50591 77.89737 66.7308 65.76473 59.68249 91.60644 61.81424 61.40033 76.6094 81.05554 64.7611 63.95311 79.19951 72.00694 67.6757 66.76077 92.63369 80.80223 66.59016 77.69813 76.66159 69.89278 68.96376 69.37579 74.73286 70.88018 78.71467 73.37575 72.53275 103.2763 83.00602 78.72103 76.50654 73.16078 91.21403 89.70089 76.85376 75.58439 79.12016 77.20104 100.6578 94.43781 92.64988 97.08244 94.60576 96.79876 86.72946 108.4666 107.1681 93.47727 95.29428 115.434 112.6055 112.712 194.4891 184.406 183.5109 161.4497 165.9187 169.068 175.1628 176.8757 181.604 182.6609 190.0789 187.8829 189.6444 187.5367 194.5379 193.6517 193.0262 195.2562 203.7569 206.2474 200.4445 208.0155 250.5826 252.2578 253.8858 283.5882 275.7028 311.9553 217.9931 222.009 296.3144 228.5362 223.7253 231.6139 233.5744 268.7554 244.2472 263.856 239.207 271.1181 240.4683 242.2508 273.7663 281.3112 272.4059 294.0017 293.8316 310.9823 255.6252 298.3572 298.148 316.4546 326.1733 303.661 295.3117 302.5698 328.39 318.989 320.5511 331.1676 286.7124 333.1201 305.511 322.0745 332.8243 305.9299 336.4298 332.5553 339.7543 304.3679 302.6301 304.231 296.7427 305.5712 306.4421 345.3619 345.3143 342.4606
44.9717 167.1216 30.13473 11.70603 37.01731 27.16213 38.87199 34.16021 23.13507 53.7311 19.33989 47.68418 53.64263 49.64405 10.7136 0 38.62682 34.62703 28.62746 3.557562 48.65215 45.65393 38.65917 34.66311 15.70927 41.70769 17.81941 49.29788 36.80396 3.972562 4.952903 8.017559 10.05143 68.78067 44.86403 12.2793 46.96308 42.00335 5.855019 67.21444 72.02972 61.54236 24.82501 66.32708 56.45158 33.05724 73.47215 27.74043 62.71189 58.85272 14.93423 75.68541 13.6942 73.79808 67.2349 76.24324 66.72916 32.7686 30.17501 59.60941 80.06735 33.07614 24.32655 29.95048 89.09563 92.538 134.9433 89.66064 75.52338 75.86815 53.95861 73.05841 51.81487 104.9882 103.1311 87.09566 54.69718 91.18062 53.4981 60.99206 59.57794 65.23103 48.25486 59.13782 49.6667 107.7365 100.1413 56.08726 70.1946 60.51059 60.64515 53.74041 53.00501 78.98279 71.59456 110.0263 83.5922 59.433 68.07556 64.67443 67.72024 84.42915 71.48099 70.27824 60.87513 98.27158 63.09145 62.17541 82.27716 87.15091 66.7404 65.30912 84.67678 76.32189 70.61361 69.27865 99.59684 86.51608 67.99931 82.71355 81.48025 72.84937 71.5142 71.59631 78.55909 73.32654 82.96554 75.9854 74.74645 110.3598 87.8822 82.69844 79.86493 74.83336 97.09161 95.39343 79.77331 78.22104 82.25741 79.61646 106.9593 99.66459 97.70763 102.4135 99.58994 101.9229 89.84866 114.7303 113.3161 97.66412 99.60437 120.8513 117.7021 106.9522 185.5553 175.8361 175.0562 165.1992 169.7956 173.0427 178.3824 180.175 185.2061 185.992 193.9814 191.4348 193.2667 190.9209 198.318 197.3412 196.1404 198.507 207.1743 209.7315 201.3387 208.7676 243.4898 245.074 246.7383 275.4733 268.8436 304.5222 215.1268 218.8853 288.2601 229.8192 223.466 232.6221 230.3574 262.5169 245.6081 258.0277 237.0027 265.0331 238.6651 240.0944 267.7261 274.9632 266.7528 287.1481 287.1446 303.6988 254.8066 292.3218 292.6828 309.8729 319.1748 297.7722 290.0552 296.8493 321.3982 312.4288 313.922 324.1617 288.0378 326.0867 299.8483 315.5317 325.8455 300.3644 329.4503 326.1112 332.8281 299.6386 298.1116 299.6102 298.1584 301.1164 301.8277 338.6487 338.4461 336.0865
7.427842 178.5303 9.556202 29.02585 5.385165 13 4 5.734884 16.16168 15.29706 19.6596 9.219544 15.0333 11.04536 28.01785 38.62682 0 4 10 42.02678 10.19804 7.28011 2 4.472136 23.08679 4.242641 21.2132 11.42366 4.472136 37.21559 42.19005 45.72199 48.16638 30.41381 7.81025 50.24938 10 6.708204 37.48333 29.20616 33.95585 24.01678 17 28.79236 19.72308 12.20656 35.8922 17.02939 25.94224 22.65196 49.47727 38.27532 42.37924 37.12479 30.88689 39.39543 31.06445 21.09502 23.50532 26.1725 43.82921 23.32381 56.64804 29.83287 53.23533 56.82429 172.824 54.91812 44.68781 46.13507 37.01351 44.94441 38.11824 70.72482 69.06519 55.97558 41.04875 59.75157 48.70112 43.28972 43.10452 46.96334 47.53946 46.01087 49.76947 75.04166 68.62215 48.83646 50.44799 50.15974 52.17729 53.14132 53.85165 55.54278 52.39275 78.56844 59.71809 55.54278 55.03635 55.14526 56 61.84658 57.21888 57.07889 61.03278 74.34557 62.64184 63.56886 63.32456 66.12866 63.34824 64.28841 66.28395 63.1981 63.28507 63.63961 74.43118 67.05222 66.45487 66.28725 65.9242 65.19202 65.49046 66.75328 67.06713 67.47592 69.46222 69.26038 69.58448 84.31489 71.58911 70.25667 70.00179 71.59958 76.32169 75.44037 71.54369 71.17584 73 73.24616 84.07735 81.28038 80.08121 83.48653 82.14165 83.81527 80.05623 91.70605 90.78546 83.36066 84.72308 100.8464 99.0202 127.2831 216.1134 205.0867 203.8854 150.2831 154.3308 157.1655 165.1696 166.6433 170.4963 172.2556 178.059 176.8191 178.3704 176.9209 182.784 182.1483 183.0486 184.8892 192.8468 195.1333 196.2065 204.0517 266.8635 268.7769 270.298 302.5464 291.2247 328.9133 223.3652 228.011 315.0607 222.9499 222.2251 226.7157 239.7082 282.6325 238.3077 276.6604 242.6376 284.5699 242.8374 245.5284 287.0836 295.42 284.6928 309.4285 308.8041 327.528 255.2846 311.5413 309.7969 331.05 341.8801 316.4253 306.4148 314.8849 344.0712 333.5161 335.2611 346.8789 280.5442 348.9011 317.657 336.5427 348.4552 317.8122 352.0511 346.716 355.2182 314.0156 311.7242 313.5897 290.2779 314.4804 315.7728 360.2203 360.6009 356.3962
10.95727 177.0282 6.090876 25.10976 5.385165 9.433981 5.656854 3.399346 12.28007 19.23538 15.70032 13.15295 19.0263 15.0333 24.02082 34.62703 4 0 6 38.02959 14.14214 11.18034 4.472136 2 19.10497 7.615773 17.26268 15.18223 4.472136 33.24154 38.20995 41.74326 44.18144 34.36568 11.18034 46.27094 13.41641 9.219544 33.54102 33.08474 37.85499 27.77539 13.60147 32.57299 23.25941 10.44031 39.70202 14.21267 29.54657 26.09811 45.60702 42.05948 38.62642 40.7707 34.43835 43.08132 34.48188 19.31321 21.27205 29.06888 47.42362 21.54066 52.92447 27.45906 56.79789 60.37384 168.8927 58.30952 47.38143 48.66667 37.33631 47.20169 38.01316 74.09453 72.40166 58.81309 41.04875 62.6598 47.83001 43.93177 43.56604 47.77959 46.17359 46.09772 48.38388 78.20006 71.58911 48.25971 51.5461 50 51.83545 51.92302 52.49762 57.24509 53.45091 81.56592 61.53251 54.74486 55.3263 55 56.14268 63.50591 57.70615 57.42822 59.90826 76.29914 61.61169 62.36185 64.51356 67.62396 62.64982 63.34824 67.43562 63.63961 63.03174 63.1981 76.55064 68.35203 65.60678 67.18631 66.70832 65.00769 65.12296 66.27217 67.36468 67.1193 70.03571 69.02898 69.18092 86.60831 72.53275 70.71068 70.14449 71.01056 77.87811 76.88465 71.51573 71.00704 73.10951 73.02739 85.95929 82.57421 81.27115 84.8646 83.32617 85.09407 80.30567 93.64828 92.66067 84.17244 85.61542 102.4597 100.4639 124.8079 212.8497 201.9354 200.7716 151.4761 155.5956 158.4834 166.2077 167.72 171.712 173.3667 179.4241 178.0365 179.6218 178.0702 184.1141 183.4394 184.109 186.0108 194.0598 196.3797 196.4306 204.245 264.3069 266.1898 267.7256 299.6521 288.7785 326.2892 222.2521 226.8149 312.1975 223.3998 222.0811 227.0683 238.5037 280.4017 238.8227 274.5706 241.8119 282.3969 242.1611 244.7265 284.9298 293.1638 282.6765 307.0016 306.4376 324.9581 255.0025 309.4156 307.878 328.7414 339.426 314.3581 304.5685 312.8778 341.6211 331.2175 332.9384 344.4256 281.1216 346.439 315.6739 334.2529 346.013 315.8649 349.6112 344.4706 352.8002 312.3713 310.1548 311.9848 290.9042 312.9375 314.1726 357.8849 358.208 354.1839
16.65518 174.9223 3.970571 19.30026 9.433981 5.385165 10.77033 6.289321 6.723095 25.17936 9.823441 19.10497 25.01999 21.0238 18.02776 28.62746 10 6 0 32.03514 20.09975 17.11724 10.19804 6.324555 13.15295 13.34166 11.40175 20.98809 8.944272 27.29469 32.24903 35.78407 38.20995 40.31129 16.76305 40.31129 18.97367 14.31782 27.65863 38.94868 43.73786 33.51824 9.433981 38.32754 28.79236 10.44031 45.47802 11.40175 35.1141 31.51367 39.84972 47.80167 33.10589 46.34922 39.92493 48.70318 39.81206 18.02776 19.03943 33.83785 52.92447 20.09975 47.42362 24.69818 62.24147 65.79514 163.0019 63.52952 51.73973 52.80572 38.60052 50.9902 38.63936 79.25907 77.52419 63.30522 41.7732 67.2328 47.13361 45.54119 44.92215 49.58718 44.72136 46.87217 46.87217 83.07376 76.2168 48.01042 53.7122 50.35871 51.89971 50.63596 50.9902 60.20797 55.54278 86.21485 64.62391 54.08327 56.29387 55.3263 56.88585 66.37017 58.94065 58.46366 58.69412 79.5173 60.53098 61 66.70832 70.23532 62.07254 62.39391 69.55978 64.7611 63.12686 63.00794 80 70.68239 64.77847 68.94926 68.30813 65.19202 65.03076 66 68.24954 67.02984 71.30919 69.11584 69.00725 90.27181 74.33034 71.80529 70.78312 70.54431 80.5295 79.38041 71.89228 71.17584 73.68175 73.10951 89.04493 84.83219 83.38465 87.23531 85.42394 87.32125 81.04937 96.79876 95.71834 85.72631 87.28115 105.119 102.8834 121.2477 208.0024 197.266 196.1613 153.4438 157.6642 160.6269 167.9315 169.4993 173.6923 175.1913 181.6177 180.0139 181.648 179.9472 186.2525 185.5209 185.8497 187.8404 196.0184 198.386 196.9188 204.6813 260.5401 262.3757 263.9337 295.359 285.175 322.406 220.708 225.1422 307.9501 224.2068 222 227.7279 236.8122 277.1301 239.7182 271.5161 240.6928 279.2132 241.2675 243.6418 281.7747 289.85 279.732 303.4238 302.9521 321.1582 254.6964 306.2972 305.0754 325.34 335.8005 311.3278 301.8775 309.9395 338.0015 327.8307 329.5148 340.8005 282.0919 342.8002 312.7715 330.8791 342.4047 313.017 346.0058 341.1627 349.2277 309.9852 307.8831 309.6587 291.9439 310.7055 311.8532 354.4374 354.6731 350.9248
