0 31 53.5757 40.0125 13.34166 3.605551 43.46391 40.79216 20.05305 18.97367 19.60867 45.65085 49.35788 156.7321 49.67897 68.24222 70.21396 53.90733 56.63921 54.70146 47.38143 62.42195 50.7554 51.15662 58.94754 52.80076 53.5 65.72649 60.82146 78.97626 61.52235 65.9242 84.44501 82.41966 88.09202 72.02777 94.09543 198.777 84.21401 95.63472 89.35883 110.1136 117.4389 98.98737 112.0045 111.234 115.395 122.8007 111.1261 117.7837 127.9531 125.9246 129.3561 125.1319 206.0146 195.8168 194.8801 253.0138 256.125 204.7877 212.4803 255.2802 254.4725 264.6091 260.9866 260.1692 225.7366 229.9565 232.4129 229.1397 269.9407 235.7647 241.5802 248.0106 246.3575 247.2671 249.3553 281.3006 261.5076 291.7354 310.5206 290.4408 300.3635
31 0 37.19954 9.055385 44.10215 29.15476 13.56875 12.04159 18.85802 41.14608 30.70016 23.76973 27.9428 126.9113 38.01316 95.34149 97.08244 41.19466 42.57934 44.02556 59.81639 48.44069 61.0173 57.70615 77.2678 63.51472 61.83243 69.33246 79.588 102.2411 72.40166 61.29437 106.2015 103.5857 108.7661 77.62087 114.5797 191.3665 91.7878 110.8016 97.16995 130.1153 135.8205 113.0243 127.4127 126.2458 131.8218 110.44 123.1666 133.2216 143.8089 140.9113 144.8447 134.3317 183.1529 174.2313 173.6843 234.6423 237.9937 211.1232 218.4322 238.6483 238.8247 247.4773 245.1224 244.6324 221.5085 224.9822 239.8436 232.2972 255.4858 242.4417 236.326 255.6688 244.0184 246.0732 247.1521 268.7322 263.1031 279.1187 298.4302 298.0306 308.2081
53.5757 37.19954 0 35.22478 62.10815 50.08117 30.09453 28.22575 33.7387 48.99105 37.43643 14.23052 10.9645 112.4736 7.685366 95.51704 96.5949 6.548272 5.964767 10.44928 46.73661 11.32544 44.86583 38.43191 66.51033 47.02151 43.09257 43.1012 68.94392 94.75539 53.55401 28.69802 95.94744 92.73354 96.65735 51.81352 101.6548 154.2689 65.96184 91.28197 70.99058 115.318 118.4721 91.98656 106.9009 105.3465 112.25 73.32412 99.18004 112.3852 122.8926 119.1336 123.4494 106.9296 152.5415 142.2411 141.3136 200.1381 203.3457 179.5394 186.5008 203.1881 202.9268 212.2795 209.3234 208.6976 184.8942 188.1963 208.7104 198.5392 219.1719 210.7575 199.4647 224.5509 207.8513 210.278 211.017 231.9276 228.3751 242.3332 261.5535 266.5568 276.8508
40.0125 9.055385 35.22478 0 53.03772 38.0526 6.119187 7 26.06962 49.0408 37.7955 21 24.69818 118.0457 37.85499 103.2473 104.9238 40.31129 41.04875 43.64917 65.05382 46.50269 65.69458 61.61169 83.35954 68.20352 66.00189 71.96403 85.73943 109.1799 76.83749 61.84658 112.7385 110 115.0121 80.5295 120.7295 189.1167 94.89468 115.6244 100.2397 136.0294 141.2705 117.5266 132.1363 130.874 136.7808 107.28 127.0276 137.9058 148.5295 145.4166 149.459 137.3062 176.2413 167.7316 167.3059 228.9651 232.3812 212.8215 219.9919 233.4802 233.9492 242.1425 240.1687 239.777 220.0818 223.3226 241.7587 232.9979 250.9283 244.1311 234.5464 257.6049 243.0741 245.4588 246.2384 264.7055 263.257 275.0574 294.4895 299.8502 310.0827
13.34166 44.10215 62.10815 53.03772 0 15 56.09912 53.23533 30.53072 16.55295 24.90984 56.30275 59.6473 168.7068 57.00877 56.0803 58.13777 61.22091 64.2028 61.24745 44.55334 69.58807 48.70432 50.92151 51.84894 50.30626 52.14643 65.61292 53.369 68.52919 58.21512 69.33974 74.63618 72.94518 78.73956 70.61161 84.72148 200.4316 81.30191 88.76936 86.14523 100.7224 108.6898 92.57699 104.6948 104.1201 107.5639 127.4127 105.3803 110.3676 120.2082 118.596 121.758 120.4159 214.4015 203.6686 202.5617 259.1872 262.1793 200.4894 208.2978 260.6645 259.421 270.1851 266.0075 265.0472 225.8429 230.3606 227.4921 226.0553 274.3028 231.1471 242.0434 242.9223 245.5402 245.9532 248.4651 284.7876 258.9348 295.2099 313.7062 285.2272 295.014
3.605551 29.15476 50.08117 38.0526 15 0 41.13528 38.32754 16.72199 17 16.14001 42.48529 46.11724 154.0752 46.09772 68.26419 70.17834 50.32892 53.07542 51.10039 44.72136 58.84301 47.92819 48.04165 57.14729 50.03719 50.53959 62.53567 59.10372 78.1425 58.85576 62.39391 83.35202 81.21576 86.82859 69 92.82274 195.3046 81.3941 93.62158 86.57944 108.8118 115.9139 96.85298 110.0727 109.252 113.6002 119.2015 108.8118 115.8706 126.115 123.9758 127.4755 122.5765 202.566 192.3172 191.3668 249.4253 252.5332 202.0916 209.7593 251.6764 250.867 261.0077 257.381 256.5638 222.396 226.5855 229.8275 226.2211 266.34 233.118 238.2016 245.4541 243.1152 244.0861 246.1211 277.7211 258.5 288.156 306.9512 287.8987 297.8477
43.46391 13.56875 30.09453 6.119187 56.09912 41.13528 0 3.431877 27.29291 50.36974 38.47438 15.95131 19.28327 113.5805 33.52279 104.2502 105.8385 35.57777 36.01543 39.10278 63.67714 41.24251 63.88618 59.29681 82.55154 66.38045 63.8255 68.73674 84.97075 109.0597 74.76259 57.55384 112.2132 109.3684 114.2111 77.41519 119.8262 183.484 91.83197 113.6564 97.13278 134.8831 139.7266 115.3182 130.0517 128.7224 134.8621 101.4615 124.3494 135.7796 146.4096 143.146 147.2598 134.0415 170.2873 161.6924 161.2483 222.8507 226.2648 208.7529 215.8475 227.3641 227.8458 236.0235 234.0608 233.6745 214.6876 217.8527 237.7856 228.4326 244.8478 240.0391 229.0359 253.6347 237.837 240.3417 241.0112 258.6847 258.4396 269.0312 288.4788 295.8018 306.0594
40.79216 12.04159 28.22575 7 53.23533 38.32754 3.431877 0 24.04423 47.07441 35.10698 14 17.73697 116.0112 31.04835 100.8811 102.4597 33.37664 34.05877 36.77295 60.30755 39.50316 60.57594 56.0803 79.13793 63.07392 60.58259 65.78675 81.5552 105.6279 71.50524 55.08176 108.7886 105.9481 110.8006 74.43118 116.4233 182.1666 88.83693 110.3902 94.15413 131.5029 136.3948 112.1004 126.8109 125.495 131.5903 100.439 121.2477 132.5481 143.1782 139.9464 144.0451 131.1259 171.1432 162.309 161.7969 223.0336 226.4155 206.1892 213.3233 227.2972 227.6406 236.0381 233.8931 233.4609 213.0845 216.3331 235.176 226.1526 244.4995 237.4889 227.5632 251.0244 236.0763 238.4722 239.2411 258.1046 256.3323 268.4677 287.8664 293.2316 303.4769
20.05305 18.85802 33.7387 26.06962 30.53072 16.72199 27.29291 24.04423 0 23.11114 11.85854 25.86745 29.41471 138.2911 30.6125 77.21804 78.87411 34.7437 37.25755 36.11267 41.68483 43.19867 43.41739 41.11721 58.51549 45.86333 44.80095 54.21761 60.81221 83.42137 54.89649 50.02125 87.34463 84.73857 89.94387 61.91224 95.77617 182.9151 75.59845 92.7045 80.96681 111.3716 117.2704 95.18206 109.3464 108.2572 113.5743 104.767 105.885 115.1722 125.7105 122.9863 126.8252 117.9709 186.0057 175.9138 175.0218 233.6924 236.8589 196.0794 203.5547 236.3729 235.8275 245.5853 242.2893 241.5618 211.3543 215.2397 224.4505 218.5992 251.6607 227.3359 226.7612 240.2201 232.9273 234.4134 235.9982 263.6401 250.1562 274.0706 293.0564 282.6671 292.7629
18.97367 41.14608 48.99105 49.0408 16.55295 17 50.36974 47.07441 23.11114 0 12.51 46.17359 48.79549 159.2534 42.94182 54.23099 55.9464 47.01064 50.11986 46.45697 29 55.06814 32.80413 34.48188 40.14738 34.62831 36.00347 49.20992 42.10998 61.99395 43.04649 53.00943 66.7994 64.53681 70.07896 54.58938 76.05667 183.9034 66 76.6942 71.02816 92.00543 98.96297 80.01562 93.10746 92.30926 96.60228 111.2115 92.17917 98.89894 109.1238 107.0187 110.4943 106.3673 199.985 188.8709 187.6493 243.3927 246.3331 186.1881 193.9203 244.5731 243.2 254.1535 249.8039 248.8051 209.5543 214.0093 213.6529 211.0095 257.938 217.0829 225.6834 229.2163 229.5125 230.0978 232.4621 268.2872 243.6314 278.7069 297.1768 271.6276 281.5249
19.60867 30.70016 37.43643 37.7955 24.90984 16.14001 38.47438 35.10698 11.85854 12.51 0 33.68234 36.39918 146.7973 32.1014 65.77614 67.36839 36.31116 39.30013 36.41772 31.12073 44.68781 33.54019 32.59601 46.92081 35.86112 35.59846 46.79438 49.17571 71.56291 44.90546 46.35191 75.5292 72.95547 78.20936 53.68892 84.07011 179.1727 66.68208 81.8077 71.97569 99.74217 105.8613 84.53402 98.44034 97.42946 102.4817 103.6171 95.7314 104.2713 114.7454 112.1896 115.9332 108.5841 189.5059 178.7626 177.6661 234.6668 237.7068 187.5167 195.1035 236.5005 235.4958 245.9278 242.0424 241.1649 206.3165 210.4768 215.5709 210.9988 250.7479 218.6698 222.0867 231.2767 227.1706 228.251 230.1899 261.8712 243.0417 272.3051 291.0366 273.7419 283.768
45.65085 23.76973 14.23052 21 56.30275 42.48529 15.95131 14 25.86745 46.17359 33.68234 0 4.219005 113.1383 17.88854 97.49359 98.84331 19.64688 20.09975 23.24328 52.35456 25.5049 51.67957 46.2277 72.00564 54.08808 50.91414 54.03745 74.46644 99.62555 61.84658 41.78516 101.8772 98.83825 103.2898 62.80127 108.6552 168.2789 77.20104 100.5684 82.41966 123.1463 127.2398 101.8258 116.6919 115.2606 121.7539 86.83317 110.1136 122.3315 132.9361 129.4488 133.66 119.0378 161.3753 151.8515 151.1498 211.367 214.6718 193.0026 200.0541 215.0814 215.1517 223.9866 221.4723 220.9525 199.0904 202.3561 222.0873 212.4924 231.7412 224.2699 213.6001 237.9354 222.0811 224.5017 225.2473 244.9694 242.4959 255.3538 274.6763 280.05 290.3209
49.35788 27.9428 10.9645 24.69818 59.6473 46.11724 19.28327 17.73697 29.41471 48.79549 36.39918 4.219005 0 110.4839 16.05615 99.11004 100.3882 17 16.92926 20.80024 52.73708 21.96588 51.68537 45.87374 72.53077 54.02999 50.58903 52.61739 74.99233 100.4174 61.42638 39.35734 102.3471 99.24717 103.538 61.39218 108.792 164.4297 75.72186 99.89695 80.86779 123.0236 126.79 100.948 115.8499 114.3696 121.0264 82.80217 108.8062 121.4348 132.0098 128.4118 132.668 117.2084 157.3258 147.7269 147.007 207.1545 210.4571 190.419 197.4061 210.8635 210.9418 219.7676 217.2598 216.7436 195.4369 198.6419 219.5651 209.5032 227.5491 221.6529 209.8542 235.4088 218.5539 221.0701 221.7279 240.824 239.3008 251.2051 270.5412 277.4487 287.7364
156.7321 126.9113 112.4736 118.0457 168.7068 154.0752 113.5805 116.0112 138.2911 159.2534 146.7973 113.1383 110.4839 0 119.9279 207.9274 208.9416 116.9533 113.9802 119.5528 158.1548 111.7887 155.4029 148.453 177.3114 157.1595 152.6643 146.7441 179.6397 205.4509 161.5001 128.9035 205.3128 201.9463 204.8963 153.6212 209.0289 175.0848 164.3473 193.625 167.7069 220.2718 220.6067 192.4498 206.2668 204.368 212.2807 112.4342 194.3912 210.7141 220.0232 215.3508 219.8029 194.2616 92.75788 94.12793 96.0554 157.6946 161.6895 243.0454 247.6451 169.5333 174.3961 174.5615 178.6222 179.7621 211.0031 210.6919 271.0162 248.7211 193.9884 270.4478 218.6536 285.4953 236.9219 243.2316 240.0758 213.9449 268.7036 222.7445 242.1339 322.7339 332.9039
49.67897 38.01316 7.685366 37.85499 57.00877 46.09772 33.52279 31.04835 30.6125 42.94182 32.1014 17.88854 16.05615 119.9279 0 88.00568 89.05055 4.242641 7.211103 6.020797 39.05125 12.74755 37.22156 30.8707 58.82867 39.40457 35.55629 36.57037 61.26377 87.07037 46.14109 24.04163 88.29813 85.09407 89.06613 45.34314 94.1096 153.7978 59.66574 84.20214 64.81512 107.912 111.2753 85.09113 100.005 98.49365 105.2616 74.32362 92.76314 105.5509 116.1034 112.45 116.7262 101.2423 157.4103 146.6886 145.6237 203.3421 206.4655 175.2313 182.3265 205.8057 205.2176 215.0581 211.6837 210.9502 183.5347 187.0722 204.2772 195.1435 221.0701 206.5163 198.4565 220.1262 206.0097 208.1178 209.146 233.2252 225.5044 243.6505 262.7148 262.2805 272.5404
68.24222 95.34149 95.51704 103.2473 56.0803 68.26419 104.2502 100.8811 77.21804 54.23099 65.77614 97.49359 99.11004 207.9274 88.00568 0 2.236068 91.02198 94.04786 88.64113 50.63596 96.87363 54.26888 61.18823 34.45015 53.16879 57.84678 68.85729 32.88237 20.30394 52.80152 83.9345 28.37534 29.12044 33.93782 66.7308 38.52929 190.7888 67.26812 54.23099 69.31089 52.34501 62.30327 59.35065 65.11528 65.51336 65.27634 135.6945 72.8011 69.58448 77.02597 77.31753 79.05694 90.24965 233.8568 221.008 219.1603 267.03 269.4012 166.5443 174.5211 264.9094 261.7599 275.0364 268.4865 266.9176 208.6337 214.2172 190.3341 195.9694 273.6512 195.0282 225.7432 204.7821 223.8861 222.2836 226.4286 280.0589 229.9353 290.1848 307.0441 245.8852 255.0593
70.21396 97.08244 96.5949 104.9238 58.13777 70.17834 105.8385 102.4597 78.87411 55.9464 67.36839 98.84331 100.3882 208.9416 89.05055 2.236068 0 92 95.00526 89.55027 51.35173 97.71643 54.8584 61.81424 34.58775 53.66861 58.35452 69.05429 32.89757 18.55398 52.92447 84.40379 26.59624 27.51363 32.16793 66.64833 36.61748 189.8482 66.70832 52.80152 68.593 50.24938 60.25551 57.93531 63.34824 63.78871 63.3877 135.595 71.30919 67.74216 75.05998 75.42546 77.10383 88.76936 234 221.0812 219.206 266.6721 269.0167 164.7544 172.729 264.4126 261.192 274.5542 267.9179 266.3269 207.3861 213.0023 188.4221 194.2807 272.9579 193.145 224.5106 202.8324 222.4635 220.7918 224.9902 279.206 228.257 289.3134 306.1006 243.8851 253.04
53.90733 41.19466 6.548272 40.31129 61.22091 50.32892 35.57777 33.37664 34.7437 47.01064 36.31116 19.64688 17 116.9533 4.242641 91.02198 92 0 3.162278 3.905125 41.4367 8.514693 39.21026 32.57299 61.04353 41.26403 37.16517 36.5765 63.45274 89.33225 47.42362 22.36068 90.22727 86.97701 90.75826 45.27693 95.65886 150.2866 59.4138 84.87638 64.44377 109.1284 112.1182 85.51316 100.4241 98.85848 105.8017 70.38466 92.63369 105.8915 116.3873 112.6099 116.9316 100.439 153.2188 142.4625 141.3904 199.1231 202.2523 173.4589 180.4737 201.6383 201.0902 210.8744 207.5476 206.8284 180.3358 183.7879 202.5865 192.8549 217.0023 204.7071 195.1333 218.4317 203.0025 205.2438 206.1512 229.2684 222.9557 239.6905 258.7886 260.4976 270.779
56.63921 42.57934 5.964767 41.04875 64.2028 53.07542 36.01543 34.05877 37.25755 50.11986 39.30013 20.09975 16.92926 113.9802 7.211103 94.04786 95.00526 3.162278 0 5.85235 44.28318 6.041523 41.90598 35.17101 63.79508 43.89897 39.70202 38.25455 66.19101 92.08284 49.76947 23.02173 92.82974 89.56004 93.24731 46.8615 98.07342 148.7872 60.82763 86.82166 65.76473 111.3598 114.1386 87.30693 102.2008 100.6032 107.6476 68.35203 94.06912 107.6151 118.0678 114.2147 118.5622 101.4002 150.2065 139.5238 138.4783 196.4688 199.6196 173.626 180.5718 199.1381 198.6813 208.3315 205.1195 204.4309 179.1787 182.5377 202.8112 192.5747 214.7091 204.8341 193.8376 218.6494 202.0396 204.4138 205.2004 227.1607 222.4326 237.5771 256.7257 260.6347 270.9322
54.70146 44.02556 10.44928 43.64917 61.24745 51.10039 39.10278 36.77295 36.11267 46.45697 36.41772 23.24328 20.80024 119.5528 6.020797 88.64113 89.55027 3.905125 5.85235 0 38.61671 8.732125 36.12055 29.34706 58.03286 38.08372 33.86001 32.72052 60.41937 86.31338 43.92323 18.5809 86.99546 83.72126 87.3958 41.4035 92.22244 147.8177 55.51802 81.1249 60.54131 105.5426 108.4049 81.7022 96.60875 95.03289 102.011 68.6604 88.74261 102.06 112.5444 108.7486 113.0763 96.54662 153.5293 142.5113 141.3542 198.3942 201.4752 169.7682 176.8114 200.5898 199.8712 209.9077 206.3619 205.5876 177.5141 181.0532 198.8706 189.3812 215.5789 201.0305 192.4403 214.7176 200.0056 202.1392 203.1439 227.5505 219.6281 237.9793 257.0001 256.8136 267.088
47.38143 59.81639 46.73661 65.05382 44.55334 44.72136 63.67714 60.30755 41.68483 29 31.12073 52.35456 52.73708 158.1548 39.05125 50.63596 51.35173 41.4367 44.28318 38.61671 0 46.50269 4.737557 10.77033 19.84471 5.772348 8.845903 22.81127 22.2991 48.02343 14.14214 34.0147 49.61008 46.51881 50.94315 26.24881 56.37233 157.3343 37 51.0392 42.04759 71.21798 76.21725 53.52102 67.6757 66.57327 72.00694 90.02777 64.62198 73.4983 84.05355 81.30191 85.14693 77.87811 185.1513 172.8638 171.2462 223.0628 225.7543 157.4071 165.0997 222.7936 220.6949 232.6478 227.3785 226.1526 181.604 186.2606 185.1083 182.011 234.4376 188.4038 197.9596 200.7436 201.0199 201.4001 203.9346 243.5262 214.6491 253.8961 271.9542 243.1938 253.1585
62.42195 48.44069 11.32544 46.50269 69.58807 58.84301 41.24251 39.50316 43.19867 55.06814 44.68781 25.5049 21.96588 111.7887 12.74755 96.87363 97.71643 8.514693 6.041523 8.732125 46.50269 0 43.61511 36.66742 65.52528 45.38744 40.94203 37.35776 67.86199 93.70832 50.34382 20.5548 93.94605 90.62284 94.0083 45.63442 98.60136 142.9632 59.1143 86.15393 63.83181 111.3486 113.5819 86.28441 101.0965 99.43088 106.6888 62.32576 92.25237 106.379 116.7155 112.7054 117.1004 98.65343 144.9638 134.0823 132.9784 190.6109 193.7434 169.5184 176.3635 193.1748 192.6791 202.3919 199.1243 198.425 173.5872 176.8742 198.7715 187.8683 208.678 200.6552 188.1396 214.5934 196.6075 199.1042 199.7784 221.121 217.4356 231.537 250.6897 256.4526 266.77
50.7554 61.0173 44.86583 65.69458 48.70432 47.92819 63.88618 60.57594 43.41739 32.80413 33.54019 51.67957 51.68537 155.4029 37.22156 54.26888 54.8584 39.21026 41.90598 36.12055 4.737557 43.61511 0 7.007932 21.93377 2.509537 4.126473 18.07964 24.30421 50.19656 11.47945 29.8459 51.08168 47.87252 51.9233 21.91144 57.11122 152.7342 33.46806 49.9344 38.65805 71.46872 75.86541 52.00908 66.48141 65.26697 71.08758 85.36263 62.46955 72.27109 82.88211 79.90272 83.86762 75.04739 180.8243 168.4534 166.8074 218.3822 221.0643 154.2123 161.8567 218.0706 215.9607 227.9301 222.645 221.4169 177.2412 181.8501 182.1134 178.4034 229.7015 185.2956 193.5453 197.7958 196.842 197.33 199.7729 238.8168 210.8926 249.1891 267.2664 240.2591 250.2666
51.15662 57.70615 38.43191 61.61169 50.92151 48.04165 59.29681 56.0803 41.11721 34.48188 32.59601 46.2277 45.87374 148.453 30.8707 61.18823 61.81424 32.57299 35.17101 29.34706 10.77033 36.66742 7.007932 0 28.85849 8.747571 4.716991 14.73818 31.19695 57.06356 15.6205 23.25941 57.6642 54.40588 58.22914 21.09502 63.23901 149.5757 34.48188 54.45181 39.84972 77.17513 81.01347 56.02232 70.76722 69.42622 75.66373 79.93122 65.51336 76.48529 87.11487 83.86895 87.9659 76.89603 174.4276 162.1991 160.609 212.9812 215.7244 155.129 162.6654 213.0376 211.1356 222.8295 217.8004 216.6403 175.1114 179.5355 183.3823 178.404 225.2044 186.3438 191.2067 199.1374 195.3177 196.1275 198.2961 234.7957 210.5095 245.1922 263.4503 241.5925 251.6729
58.94754 77.2678 66.51033 83.35954 51.84894 57.14729 82.55154 79.13793 58.51549 40.14738 46.92081 72.00564 72.53077 177.3114 58.82867 34.45015 34.58775 61.04353 63.79508 58.03286 19.84471 65.52528 21.93377 28.85849 0 20.17009 24.75 34.47034 2.462214 28.28979 18.35245 50.31215 29.87428 26.88517 31.67156 32.52403 37.37255 160.808 35.80241 36.95014 39.25318 52.85653 59.06621 40.74386 53.11132 52.41958 56.46072 101.3993 53.75698 58.8669 69.00589 67.03963 70.41529 69.52203 199.425 186.5579 184.7141 233.3213 235.7855 149.5169 157.404 231.7602 228.9619 241.8126 235.6848 234.2345 181.8291 186.9781 176.011 176.2975 241.5571 179.8522 198.6525 191.3363 199.3535 198.8248 202.1117 249.0669 209.713 259.3187 276.7368 233.558 243.2916
52.80076 63.51472 47.02151 68.20352 50.30626 50.03719 66.38045 63.07392 45.86333 34.62831 35.86112 54.08808 54.02999 157.1595 39.40457 53.16879 53.66861 41.26403 43.89897 38.08372 5.772348 45.38744 2.509537 8.747571 20.17009 0 4.687217 17.62749 22.48044 48.32567 9.062009 30.76882 48.96529 45.72658 49.67217 20.49195 54.79987 151.6848 31.43119 47.42489 36.55845 69.06026 73.38521 49.5098 63.97281 62.76082 68.5793 85.36463 60.03765 69.76331 80.37363 77.40103 81.36166 72.76483 181.4153 168.9335 167.2458 218.3042 220.9523 152.0589 159.7221 217.7979 215.5856 227.69 222.278 221.0175 175.8378 180.5035 179.8918 176.4328 229.1705 183.1123 192.2033 195.56 195.2535 195.652 198.1702 238.078 209.0042 248.4386 266.4396 238.0205 248.0153
53.5 61.83243 43.09257 66.00189 52.14643 50.53959 63.8255 60.58259 44.80095 36.00347 35.59846 50.91414 50.58903 152.6643 35.55629 57.84678 58.35452 37.16517 39.70202 33.86001 8.845903 40.94203 4.126473 4.716991 24.75 4.687217 0 14.04354 27.01851 52.78731 10.96586 26.10077 53.1433 49.86231 53.59661 18.60779 58.56317 148.8997 31.08456 49.85228 36.39025 72.45861 76.32658 51.53882 66.22877 64.91726 71.06511 81.24192 61.33718 71.96701 82.59691 79.4182 83.48203 73.2069 176.882 164.4591 162.7959 214.2574 216.9384 151.9186 159.5113 213.9492 211.8514 223.8063 218.5343 217.3114 173.7016 178.2533 180.0049 175.6822 225.6241 183.0744 189.9428 195.7278 193.5103 194.1166 196.4587 234.809 208.0096 245.1859 263.297 238.192 248.2388
65.72649 69.33246 43.1012 71.96403 65.61292 62.53567 68.73674 65.78675 54.21761 49.20992 46.79438 54.03745 52.61739 146.7441 36.57037 68.85729 69.05429 36.5765 38.25455 32.72052 22.81127 37.35776 18.07964 14.73818 34.47034 17.62749 14.04354 0 36.28337 60.47187 16.21984 17.87519 59.0699 55.67142 58.22815 8.77598 62.28858 135.0192 23.16477 48.79759 28.41447 74.24221 76.22447 49.07094 63.95281 62.34888 69.44163 67.9159 56.19308 69.36157 79.82837 76.03368 80.35644 65.35031 165.0074 152.2493 150.4646 200.7479 203.3752 142.0104 149.4259 200.1711 197.9684 210.0668 204.6589 203.4074 160.3737 164.8008 170.5825 164.4654 211.6315 173.3054 176.4737 186.3937 180.6524 181.5511 183.6413 220.7656 196.3008 231.143 249.2657 228.7914 238.9428
60.82146 79.588 68.94392 85.73943 53.369 59.10372 84.97075 81.5552 60.81221 42.10998 49.17571 74.46644 74.99233 179.6397 61.26377 32.88237 32.89757 63.45274 66.19101 60.41937 22.2991 67.86199 24.30421 31.19695 2.462214 22.48044 27.01851 36.28337 0 25.89401 20.08109 52.40468 27.41551 24.4387 29.275 33.87108 35.0108 161.2006 36.21119 35.41539 39.38591 50.56926 56.94487 39.38591 51.39309 50.76662 54.58251 102.8263 52.58564 57.11611 67.16584 65.31654 68.61669 68.61669 201.1175 188.1838 186.3129 234.5021 236.9372 148.5 156.4041 232.7815 229.8978 242.8544 236.6226 235.1452 181.8 187.006 174.8195 175.5313 242.3453 178.7267 198.6687 190.0964 199.076 198.4345 201.8129 249.6563 209.0215 259.8893 277.2216 232.2705 241.9721
78.97626 102.2411 94.75539 109.1799 68.52919 78.1425 109.0597 105.6279 83.42137 61.99395 71.56291 99.62555 100.4174 205.4509 87.07037 20.30394 18.55398 89.33225 92.08284 86.31338 48.02343 93.70832 50.19656 57.06356 28.28979 48.32567 52.78731 60.47187 25.89401 0 44.54492 77.5258 8.075271 9.17878 13.63388 56.02901 18.46861 173.1849 52.79441 34.73111 53.66796 33.38038 42.79074 39.87794 44.8135 45.23549 45.06939 123.771 53.01179 49.30771 57.01973 57.10736 59.00212 70.47163 223.4194 210.0503 207.9928 252.8344 255.024 146.2404 154.2172 249.8024 246.2082 260.012 252.9234 251.2195 189.595 195.3081 170.1324 175.7278 257.331 174.7806 206.7565 184.6621 204.2235 202.4234 206.7182 262.8388 209.7057 272.8598 289.3381 225.9207 235.1723
61.52235 72.40166 53.55401 76.83749 58.21512 58.85576 74.76259 71.50524 54.89649 43.04649 44.90546 61.84658 61.42638 161.5001 46.14109 52.80152 52.92447 47.42362 49.76947 43.92323 14.14214 50.34382 11.47945 15.6205 18.35245 9.062009 10.96586 16.21984 20.08109 44.54492 0 33 43.81278 40.4475 43.665 14.86607 48.32822 145.7934 23.08679 38.8973 28 61.77378 65.39974 40.70012 55.31727 54.03702 60.10824 83.21658 50.9902 61.07373 71.70077 68.60029 72.62231 63.78871 181.0773 168.2079 166.3708 215.5203 218.0482 143.2655 150.961 214.3478 211.7929 224.3413 218.5063 217.1382 168.8668 173.6923 170.9844 168 224.8488 174.2642 185.3969 186.631 187.7578 187.9202 190.6355 233.0772 200.7492 243.3938 261.1438 229.0858 239.0633
65.9242 61.29437 28.69802 61.84658 69.33974 62.39391 57.55384 55.08176 50.02125 53.00943 46.35191 41.78516 39.35734 128.9035 24.04163 83.9345 84.40379 22.36068 23.02173 18.5809 34.0147 20.5548 29.8459 23.25941 50.31215 30.76882 26.10077 17.87519 52.40468 77.5258 33 0 76.63524 73.24616 76.00698 25.4951 80.14955 133.1015 38.60052 66.21178 43.27817 92.02717 93.65246 66.04922 80.77747 79.07591 86.4523 58.25805 71.70077 85.98256 96.26006 92.20087 96.60745 78.40918 151.182 139.0284 137.4818 190.9188 193.7679 151.2217 158.2954 191.6716 190.2032 201.3157 196.8146 195.8009 161.3722 165.2211 180.3033 171.2104 204.9634 182.4966 176.7399 196.1511 183.2212 185 186.3209 215.6479 201.8149 226.0786 244.7377 238.2705 248.5382
84.44501 106.2015 95.94744 112.7385 74.63618 83.35202 112.2132 108.7886 87.34463 66.7994 75.5292 101.8772 102.3471 205.3128 88.29813 28.37534 26.59624 90.22727 92.82974 86.99546 49.61008 93.94605 51.08168 57.6642 29.87428 48.96529 53.1433 59.0699 27.41551 8.075271 43.81278 76.63524 0 3.4 5.572234 53.63357 10.64266 166.5201 48.47845 27.44012 48.65758 26.23662 35.16598 32.54935 36.75269 37.20699 37.02648 119.919 45.36474 41.23542 49.06893 49.05874 51.02509 62.78981 219.9185 206.3492 204.2043 247.6509 249.7578 138.1715 146.1477 244.2158 240.4251 254.4535 247.1294 245.3662 182.2162 187.9909 162.0776 167.7127 251.1919 166.7128 199.396 176.6336 196.5252 194.6226 198.9948 256.2861 201.6973 266.254 282.5507 217.9452 227.2246
82.41966 103.5857 92.73354 110 72.94518 81.21576 109.3684 105.9481 84.73857 64.53681 72.95547 98.83825 99.24717 201.9463 85.09407 29.12044 27.51363 86.97701 89.56004 83.72126 46.51881 90.62284 47.87252 54.40588 26.88517 45.72658 49.86231 55.67142 24.4387 9.17878 40.4475 73.24616 3.4 0 5.836199 50.24938 11.7783 164.2208 45.31004 25.55386 45.65085 27.78489 36.10912 30.70016 36.22154 36.49658 37.05401 116.709 43.86342 41.01219 49.36598 49.0102 51.24451 61.32699 216.6679 203.1269 200.9956 244.755 246.8866 137.6118 145.5922 241.4477 237.7273 251.6764 244.4361 242.6953 180.4217 186.1424 161.8971 166.8652 248.6383 166.4332 197.5854 176.5761 195.0718 193.3132 197.5743 253.9311 200.8239 263.9278 280.3285 218.0519 227.4011
88.09202 108.7661 96.65735 115.0121 78.73956 86.82859 114.2111 110.8006 89.94387 70.07896 78.20936 103.2898 103.538 204.8963 89.06613 33.93782 32.16793 90.75826 93.24731 87.3958 50.94315 94.0083 51.9233 58.22914 31.67156 49.67217 53.59661 58.22815 29.275 13.63388 43.665 76.00698 5.572234 5.836199 0 52.14462 6.004953 161.7157 45.63431 22.44813 45.28391 22.03383 30.28139 27.48228 31.18248 31.63729 31.57175 117.0601 40.01148 35.71 43.74182 43.58641 45.66091 57.39516 217.1897 203.4934 201.2909 243.7825 245.8343 132.6065 140.5833 240.0837 236.1659 250.3368 242.8613 241.06 176.9659 182.776 156.5828 162.1439 246.6998 161.1931 194.154 171.1772 191.0936 189.1388 193.55 251.53 196.1298 261.463 277.6448 212.5523 221.8623
72.02777 77.62087 51.81352 80.5295 70.61161 69 77.41519 74.43118 61.91224 54.58938 53.68892 62.80127 61.39218 153.6212 45.34314 66.7308 66.64833 45.27693 46.8615 41.4035 26.24881 45.63442 21.91144 21.09502 32.52403 20.49195 18.60779 8.77598 33.87108 56.02901 14.86607 25.4951 53.63357 50.24938 52.14462 0 55.71112 131.3854 14.42221 40.71855 19.72308 66.76077 68.15747 40.65095 55.47071 53.82379 61.05735 68.96376 47.42362 60.80296 71.21798 67.35726 71.70077 56.79789 167.72 154.5927 152.6573 200.8482 203.3421 134.1715 141.6678 199.5294 196.9372 209.5376 203.6517 202.277 155.3609 160.0125 162.5674 157.3181 209.9905 165.4237 171.712 178.3531 174.9514 175.5135 177.8901 218.3254 189.5 228.6545 246.4834 220.7863 230.9031
94.09543 114.5797 101.6548 120.7295 84.72148 92.82274 119.8262 116.4233 95.77617 76.05667 84.07011 108.6552 108.792 209.0289 94.1096 38.52929 36.61748 95.65886 98.07342 92.22244 56.37233 98.60136 57.11122 63.23901 37.37255 54.79987 58.56317 62.28858 35.0108 18.46861 48.32822 80.14955 10.64266 11.7783 6.004953 55.71112 0 160.5048 47.8952 21.7653 46.8906 16.02968 24.53654 26.39035 27.24489 28.0011 26.77801 118.9237 37.72496 31.22776 38.55956 38.81087 40.55799 54.79209 219.0909 205.2531 202.9824 244.1597 246.1268 128.3102 136.2752 240.0513 235.9253 250.3241 242.6025 240.7372 174.635 180.5466 151.8083 158.2223 246.0455 156.5306 191.8381 166.2633 188.1151 185.9153 190.5122 250.3632 192.2252 260.22 276.1484 207.4632 216.7053
198.777 191.3665 154.2689 189.1167 200.4316 195.3046 183.484 182.1666 182.9151 183.9034 179.1727 168.2789 164.4297 175.0848 153.7978 190.7888 189.8482 150.2866 148.7872 147.8177 157.3343 142.9632 152.7342 149.5757 160.808 151.6848 148.8997 135.0192 161.2006 173.1849 145.7934 133.1015 166.5201 164.2208 161.7157 131.3854 160.5048 0 125.0144 139.2771 121.9917 158.041 149.9733 134.3152 136.4866 134.9373 140.5971 82.81727 123.2167 135.7984 137.0729 132.8633 135.1682 107.6074 112.8106 99.73705 96.45827 98.13121 98.5048 90.25337 90.72718 87.9846 81.38979 97.90169 87.52927 85.03253 35.99968 36.6127 110.6864 80.82797 87.29666 107.6198 46.58815 121.8423 61.93994 68.18111 65.13262 89.85855 94.33268 99.74782 116.2554 152.6815 162.3216
84.21401 91.7878 65.96184 94.89468 81.30191 81.3941 91.83197 88.83693 75.59845 66 66.68208 77.20104 75.72186 164.3473 59.66574 67.26812 66.70832 59.4138 60.82763 55.51802 37 59.1143 33.46806 34.48188 35.80241 31.43119 31.08456 23.16477 36.21119 52.79441 23.08679 38.60052 48.47845 45.31004 45.63431 14.42221 47.8952 125.0144 0 29.42788 5.385165 56.4358 56.27849 28.15138 42.48529 40.70626 48.33218 71.47027 33.24154 47.50789 57.68882 53.60037 58.00862 42.54409 171.5634 157.9121 155.7442 200.2498 202.5142 120.8387 128.4457 197.717 194.4949 207.8702 201.2213 199.6497 146.5367 151.5388 148.9449 145.0138 206.4946 151.9901 163.233 164.6836 164.9242 164.9394 167.7729 213.49 177.6802 223.7086 241.0105 207.1443 217.2102
95.63472 110.8016 91.28197 115.6244 88.76936 93.62158 113.6564 110.3902 92.7045 76.6942 81.8077 100.5684 99.89695 193.625 84.20214 54.23099 52.80152 84.87638 86.82166 81.1249 51.0392 86.15393 49.9344 54.45181 36.95014 47.42489 49.85228 48.79759 35.41539 34.73111 38.8973 66.21178 27.44012 25.55386 22.44813 40.71855 21.7653 139.2771 29.42788 0 27 27.07397 27.44626 5.147815 16.64332 15.65248 21.2132 98.47842 18.68154 22.47221 33.01515 30.41381 34.1321 36.05551 198.4943 184.4945 182.1462 222.4275 224.3791 114.2804 122.2417 218.2888 214.1898 228.5607 220.871 219.0205 154.8709 160.6051 139.8831 142.5798 224.4504 144.0035 172.0378 155.0147 169.6644 168.0744 172.1993 229.1026 176.4235 239.0249 255.1991 197.0652 206.7057
89.35883 97.16995 70.99058 100.2397 86.14523 86.57944 97.13278 94.15413 80.96681 71.02816 71.97569 82.41966 80.86779 167.7069 64.81512 69.31089 68.593 64.44377 65.76473 60.54131 42.04759 63.83181 38.65805 39.84972 39.25318 36.55845 36.39025 28.41447 39.38591 53.66796 28 43.27817 48.65758 45.65085 45.28391 19.72308 46.8906 121.9917 5.385165 27 0 54.03702 53.00873 24.90984 38.62642 36.76955 44.59821 72.03471 28.42534 43.38202 53.33854 49.09175 53.53504 37.16181 172.2005 158.3768 156.1258 199.1808 201.3579 115.5725 123.2024 196.2065 192.7596 206.4001 199.4818 197.8408 142.6184 147.7329 143.6164 140 204.3649 146.697 159.4114 159.3459 160.5895 160.4307 163.4072 210.8767 172.7896 221.0473 238.1513 201.8087 211.8661
110.1136 130.1153 115.318 136.0294 100.7224 108.8118 134.8831 131.5029 111.3716 92.00543 99.74217 123.1463 123.0236 220.2718 107.912 52.34501 50.24938 109.1284 111.3598 105.5426 71.21798 111.3486 71.46872 77.17513 52.85653 69.06026 72.45861 74.24221 50.56926 33.38038 61.77378 92.02717 26.23662 27.78489 22.03383 66.76077 16.02968 158.041 56.4358 27.07397 54.03702 0 10.48183 29.60574 21.63331 23.32381 17.69181 124.904 35.77709 22.67157 26.24881 28.17801 28.4605 50.44799 224.5907 210.4326 207.9934 245.5789 247.3156 117.3414 125.2263 240.3934 235.7249 250.6891 242.3324 240.3019 169.0089 175.1713 139.3265 148.1891 244.7059 144.3607 186.172 153.3352 180.6239 177.747 182.8463 247.6308 182.116 257.2558 272.4611 193.9615 203.0006
117.4389 135.8205 118.4721 141.2705 108.6898 115.9139 139.7266 136.3948 117.2704 98.96297 105.8613 127.2398 126.79 220.6067 111.2753 62.30327 60.25551 112.1182 114.1386 108.4049 76.21725 113.5819 75.86541 81.01347 59.06621 73.38521 76.32658 76.22447 56.94487 42.79074 65.39974 93.65246 35.16598 36.10912 30.28139 68.15747 24.53654 149.9733 56.27849 27.44626 53.00873 10.48183 0 28.15894 15.68931 17.67759 9.986287 121.6804 30.14887 14.30525 15.81898 18.19608 18.04471 42.5882 220.6077 206.282 203.7432 239.1755 240.789 106.8881 114.7653 233.4482 228.5217 243.7388 235.085 232.9786 159.6884 165.9253 128.8826 137.8185 236.9573 133.8937 176.812 142.9521 170.7341 167.6955 172.9101 239.2786 171.7233 248.7989 263.7076 183.7099 192.8095
98.98737 113.0243 91.98656 117.5266 92.57699 96.85298 115.3182 112.1004 95.18206 80.01562 84.53402 101.8258 100.948 192.4498 85.09113 59.35065 57.93531 85.51316 87.30693 81.7022 53.52102 86.28441 52.00908 56.02232 40.74386 49.5098 51.53882 49.07094 39.38591 39.87794 40.70012 66.04922 32.54935 30.70016 27.48228 40.65095 26.39035 134.3152 28.15138 5.147815 24.90984 29.60574 28.15894 0 14.91643 13.43503 20.40833 95.32313 13.72953 20.5061 31.12073 27.90161 31.94527 30.99193 195.1371 181.0471 178.6512 218.0883 219.9966 109.638 117.5872 213.7534 209.5644 224.0324 216.2371 214.3607 149.7281 155.4686 135.5231 137.6971 219.6645 139.5439 166.8967 150.7431 164.5372 162.9801 167.0782 224.1573 171.5058 234.0599 250.1756 192.8884 202.5864
112.0045 127.4127 106.9009 132.1363 104.6948 110.0727 130.0517 126.8109 109.3464 93.10746 98.44034 116.6919 115.8499 206.2668 100.005 65.11528 63.34824 100.4241 102.2008 96.60875 67.6757 101.0965 66.48141 70.76722 53.11132 63.97281 66.22877 63.95281 51.39309 44.8135 55.31727 80.77747 36.75269 36.22154 31.18248 55.47071 27.24489 136.4866 42.48529 16.64332 38.62642 21.63331 15.68931 14.91643 0 2 6.082763 106.0424 14.56022 5.830952 16.40122 13.92839 17.49286 29 204.9219 190.604 188.0725 224.1986 225.8871 101.4347 109.4131 218.8356 214.1174 229.131 220.7193 218.6801 148.4049 154.4571 125.7834 131.042 223.0807 130.2459 165.6019 140.5976 161.1366 158.7766 163.4876 226.1526 165.0401 235.8231 251.2012 182.3163 191.8
111.234 126.2458 105.3465 130.874 104.1201 109.252 128.7224 125.495 108.2572 92.30926 97.42946 115.2606 114.3696 204.368 98.49365 65.51336 63.78871 98.85848 100.6032 95.03289 66.57327 99.43088 65.26697 69.42622 52.41958 62.76082 64.91726 62.34888 50.76662 45.23549 54.03702 79.07591 37.20699 36.49658 31.63729 53.82379 28.0011 134.9373 40.70626 15.65248 36.76955 23.32381 17.67759 13.43503 2 0 8.062258 104.0433 12.64911 7.071068 17.69181 14.76482 18.60108 27.58623 202.9409 188.6281 186.1001 222.3803 224.0826 101.1187 109.0995 217.0829 212.4012 227.3785 219.0091 216.9816 147.2005 153.2221 125.7532 130.5067 221.452 130.1384 164.4019 140.6505 160.178 157.9177 162.5534 224.6442 164.4939 234.3371 249.786 182.4647 191.9928
115.395 131.8218 112.25 136.7808 107.5639 113.6002 134.8621 131.5903 113.5743 96.60228 102.4817 121.7539 121.0264 212.2807 105.2616 65.27634 63.3877 105.8017 107.6476 102.011 72.00694 106.6888 71.08758 75.66373 56.46072 68.5793 71.06511 69.44163 54.58251 45.06939 60.10824 86.4523 37.02648 37.05401 31.57175 61.05735 26.77801 140.5971 48.33218 21.2132 44.59821 17.69181 9.986287 20.40833 6.082763 8.062258 0 112.0179 20.22375 5 12.64911 12.04159 14.31782 33.01515 210.7368 196.3879 193.8356 229.2684 230.9026 101.6366 109.5903 223.6515 218.7973 233.9444 225.3752 223.2935 151.344 157.4929 125.0671 131.8674 227.4379 129.7575 168.5141 139.6101 163.2667 160.5895 165.5373 230.0826 165.8621 239.6725 254.802 181.0028 190.3477
122.8007 110.44 73.32412 107.28 127.4127 119.2015 101.4615 100.439 104.767 111.2115 103.6171 86.83317 82.80217 112.4342 74.32362 135.6945 135.595 70.38466 68.35203 68.6604 90.02777 62.32576 85.36263 79.93122 101.3993 85.36463 81.24192 67.9159 102.8263 123.771 83.21658 58.25805 119.919 116.709 117.0601 68.96376 118.9237 82.81727 71.47027 98.47842 72.03471 124.904 121.6804 95.32313 106.0424 104.0433 112.0179 0 92.00543 109.0183 116.4302 111.4495 115.6244 86.68333 100.1699 86.44202 84.28671 133.0564 135.794 131.6435 136.8377 133.4166 132.0085 143.0874 138.6001 137.6372 116.1077 118.423 160.3034 141.5238 147.1462 160.4151 129.1395 175.3416 140.8119 144.8068 144.0626 158.9025 166.6741 169.3287 188.404 214.5951 224.9361
111.1261 123.1666 99.18004 127.0276 105.3803 108.8118 124.3494 121.2477 105.885 92.17917 95.7314 110.1136 108.8062 194.3912 92.76314 72.8011 71.30919 92.63369 94.06912 88.74261 64.62198 92.25237 62.46955 65.51336 53.75698 60.03765 61.33718 56.19308 52.58564 53.01179 50.9902 71.70077 45.36474 43.86342 40.01148 47.42362 37.72496 123.2167 33.24154 18.68154 28.42534 35.77709 30.14887 13.72953 14.56022 12.64911 20.22375 92.00543 0 17.02939 25.63201 21.0238 25.4951 17.46425 190.5177 176.1644 173.6124 209.8118 211.5396 96.04686 103.9822 204.6583 200.0756 214.9535 206.7003 204.7071 137.0109 142.8741 122.2549 123.9677 209.4015 126.1428 154.2077 137.5904 151.2118 149.4858 153.7109 213.0376 157.7791 222.8166 238.552 179.8533 189.6345
117.7837 133.2216 112.3852 137.9058 110.3676 115.8706 135.7796 132.5481 115.1722 98.89894 104.2713 122.3315 121.4348 210.7141 105.5509 69.58448 67.74216 105.8915 107.6151 102.06 73.4983 106.379 72.27109 76.48529 58.8669 69.76331 71.96701 69.36157 57.11611 49.30771 61.07373 85.98256 41.23542 41.01219 35.71 60.80296 31.22776 135.7984 47.50789 22.47221 43.38202 22.67157 14.30525 20.5061 5.830952 7.071068 5 109.0183 17.02939 0 10.63015 8.246211 11.6619 28.30194 207.28 192.8745 190.2847 224.9289 226.5237 97.08244 105.0477 219.1461 214.2178 229.4363 220.7827 218.6801 146.3489 152.5025 120.8941 127.1299 222.7128 125.4831 163.5176 135.5717 158.294 155.6535 160.5728 225.2221 161.1312 234.7919 249.8711 177.1416 186.5643
127.9531 143.8089 122.8926 148.5295 120.2082 126.115 146.4096 143.1782 125.7105 109.1238 114.7454 132.9361 132.0098 220.0232 116.1034 77.02597 75.05998 116.3873 118.0678 112.5444 84.05355 116.7155 82.88211 87.11487 69.00589 80.37363 82.59691 79.82837 67.16584 57.01973 71.70077 96.26006 49.06893 49.36598 43.74182 71.21798 38.55956 137.0729 57.68882 33.01515 53.33854 26.24881 15.81898 31.12073 16.40122 17.69181 12.64911 116.4302 25.63201 10.63015 0 5 2.236068 31.7805 213.5275 199.0047 196.3269 228.4644 229.8956 91.09336 98.98229 221.964 216.6754 232.2283 223.1636 220.9525 145 151.3275 113.4856 122.0041 224.3212 118.3765 162.0525 127.7793 155.3319 152.1217 157.4558 225.8008 155.9046 235.1685 249.6679 168.9037 178.1579
125.9246 140.9113 119.1336 145.4166 118.596 123.9758 143.146 139.9464 122.9863 107.0187 112.1896 129.4488 128.4118 215.3508 112.45 77.31753 75.42546 112.6099 114.2147 108.7486 81.30191 112.7054 79.90272 83.86895 67.03963 77.40103 79.4182 76.03368 65.31654 57.10736 68.60029 92.20087 49.05874 49.0102 43.58641 67.35726 38.81087 132.8633 53.60037 30.41381 49.09175 28.17801 18.19608 27.90161 13.92839 14.76482 12.04159 111.4495 21.0238 8.246211 5 0 4.472136 26.92582 208.5402 194.022 191.3485 223.7878 225.2488 89.73851 97.67887 217.4235 212.2104 227.695 218.7167 216.5294 141.598 147.8682 113.0264 120.2082 220.0568 117.72 158.701 127.5919 152.5549 149.5861 154.7446 221.813 154.1793 231.2413 245.9198 169.0528 178.4384
129.3561 144.8447 123.4494 149.459 121.758 127.4755 147.2598 144.0451 126.8252 110.4943 115.9332 133.66 132.668 219.8029 116.7262 79.05694 77.10383 116.9316 118.5622 113.0763 85.14693 117.1004 83.86762 87.9659 70.41529 81.36166 83.48203 80.35644 68.61669 59.00212 72.62231 96.60745 51.02509 51.24451 45.66091 71.70077 40.55799 135.1682 58.00862 34.1321 53.53504 28.4605 18.04471 31.94527 17.49286 18.60108 14.31782 115.6244 25.4951 11.6619 2.236068 4.472136 0 30.41381 212.3982 197.8532 195.157 226.8325 228.2389 88.88757 96.78134 220.2294 214.8936 230.4886 221.3707 219.1461 142.8636 149.2012 111.3875 119.7748 222.4343 116.2497 159.9062 125.7287 153.1176 149.8933 155.2368 223.8057 153.679 233.1535 247.6016 166.9221 176.2051
125.1319 134.3317 106.9296 137.3062 120.4159 122.5765 134.0415 131.1259 117.9709 106.3673 108.5841 119.0378 117.2084 194.2616 101.2423 90.24965 88.76936 100.439 101.4002 96.54662 77.87811 98.65343 75.04739 76.89603 69.52203 72.76483 73.2069 65.35031 68.61669 70.47163 63.78871 78.40918 62.78981 61.32699 57.39516 56.79789 54.79209 107.6074 42.54409 36.05551 37.16181 50.44799 42.5882 30.99193 29 27.58623 33.01515 86.68333 17.46425 28.30194 31.7805 26.92582 30.41381 0 182.1757 167.5934 164.8674 197.0228 198.5397 80.09994 87.94673 190.9607 185.955 201.2461 192.5097 190.3943 119.8541 125.8014 107.2878 107.0561 194.4274 110.7655 137.0584 122.8814 133.7535 132.0341 136.2478 197.1903 140.7382 206.8386 222.2084 165.3223 175.2805
206.0146 183.1529 152.5415 176.2413 214.4015 202.566 170.2873 171.1432 186.0057 199.985 189.5059 161.3753 157.3258 92.75788 157.4103 233.8568 234 153.2188 150.2065 153.5293 185.1513 144.9638 180.8243 174.4276 199.425 181.4153 176.882 165.0074 201.1175 223.4194 181.0773 151.182 219.9185 216.6679 217.1897 167.72 219.0909 112.8106 171.5634 198.4943 172.2005 224.5907 220.6077 195.1371 204.9219 202.9409 210.7368 100.1699 190.5177 207.28 213.5275 208.5402 212.3982 182.1757 0 14.72715 17.75528 65.00769 69.00725 199.4492 201.3944 77.78175 83.68542 82.02439 87.13208 88.64536 144.4611 141.7674 222.6995 193.6311 103.1601 220.0659 146.3728 234.5009 168.5052 176.5814 171.2577 124.1934 204.155 132.1901 151.0416 264.8345 274.2066
