0 177.4787 175.951 176.37 169.4136 169.0032 167.897 165.4815 165.9487 155.7436 169.1246 176.8582 171.2198 140.4957 170.8149 148.8526 169.5845 153.0172 174.4235 165.8569 174.0518 152.2033 171.8806 158.0176 157.5691 149.6194 133.4761 131.3127 139.993 145.5655 146.8227 146.5773 146.3658 71.88057 113.3106 99.51022 96.22904 132.7629 132.1801 133.6526 118.5169 128.5465 131.3442 92.74276 89.09768 94.58803 108.8477 97.65461 86.85399 86.52811 85.15678 88.11667 107.2887 150.8168 72.31629 74.54236 82.09694 154.4399 44.46928 101.9759 46.54321 160.2636 109.4963 81.86178 107.148 57.39518 121.8353 69.85621 74.97592 73.10999 100.8877 178.7333 159.1068 99.6187 106.6967 123.1575 122.6077 155.2748 115.4171 165.1899 117.4404
177.4787 0 4.123106 15.52417 10.29563 12.80625 16.97056 13.92839 18.43909 22 127.2764 97.9898 96.17692 60.20181 102.2766 75.78652 110.5317 94.45422 119.5701 112.4284 124.1692 105.133 122.9675 112.8007 117.6138 113.7695 97.30879 98.23441 117.4138 123.7619 135.7719 137.8876 140.0071 108.8118 182.4335 173.375 172.7896 169.4019 171.0117 179.1382 174.9286 184.1657 186.6574 224.8399 224.0787 227.3285 235.2127 231.1926 226.6991 208.9258 227.706 216.2413 246.2722 273.5582 231.0087 232.6929 237.0846 289.7259 219.5837 248.767 223.0874 286.4232 237.6358 230.1586 240.2436 234.4462 253.4597 242.0331 244.0512 245.163 265.3639 316.2334 302.9686 261.0062 275.4651 289.1315 293.3013 295.8253 292.344 306.0004 294.4317
175.951 4.123106 0 19.23538 12.04159 15 19.41649 15 20.61553 21.37756 123.1578 101.2373 99.28243 61.83755 105.3304 78.13923 113.4956 97 122.5887 115.28 127.1417 107.6272 125.8968 115.434 120.2082 116.1562 99.15644 100.005 119.5031 125.9921 137.9746 140.0714 142.1724 106.738 178.9106 170.0016 169.4616 171.0263 172.6094 180.7 176.1732 185.564 188.0957 221.9234 221.2177 224.4087 232.1422 228.2652 223.9118 209.0957 224.9644 216.3479 243.3701 270.2785 228.6001 230.2629 234.558 286.6069 218.33 246.0081 221.7318 283.1594 237.914 229.8695 240.4163 233.0408 253.7507 241 243.1666 244.1444 262.9924 313.0918 299.9803 260.4731 273.2215 286.7543 291.1078 296.0678 290.9914 306.2699 293.0683
176.37 15.52417 19.23538 0 11.18034 9.219544 8.544004 13.45362 10.44031 23.43075 140.7338 82.73452 81.12336 49.21263 87.29548 62.43074 95.6883 80.50466 104.6231 97.78449 109.2932 91.25972 108.1665 98.59513 103.4795 100.117 85.14693 86.28441 104.4844 110.4536 122.4949 124.6515 126.8109 110.4943 190.6856 180.7961 179.9618 157.5436 159.2231 167.4291 164.1371 172.9046 175.2769 229.7129 228.6794 232.2116 240.8402 236.1038 230.934 201.4274 231.7175 208.9356 251.0239 280.2295 233.4609 235.2382 240.0613 295.509 217.2234 252.8122 221.1176 292.9885 229.7058 224.183 232.6585 232.6414 245.4564 238.7572 240.2082 241.8244 267.5687 322.1009 308.0567 255.8305 277.0776 291.3177 294.6605 287.9138 290.2034 297.987 292.3303
169.4136 10.29563 12.04159 11.18034 0 3.162278 7.615773 4 8.602325 13.92839 129.8743 89.88882 87.72685 49.98758 93.70432 66.10401 101.7657 85.00588 110.9099 103.4495 115.4123 95.61499 114.1271 103.4698 108.2266 104.1217 87.20665 88.09086 107.4802 113.9517 125.9365 128.0352 130.1384 101.951 179.8777 170.1829 169.4144 159.2011 160.8011 168.9157 164.639 173.8994 176.4001 219.9386 219.0074 222.4348 230.8008 226.3184 221.4057 198.9171 222.2791 206.2703 241.3048 269.8665 224.6976 226.4332 231.0652 285.4348 211.0474 243.3701 214.7044 282.661 227.5616 220.4836 230.2281 226.1349 243.3771 233.1738 235 236.2832 258.9363 312.0049 298.2314 251.5537 268.7322 282.703 286.4463 285.7644 283.9243 295.9244 286.028
169.0032 12.80625 15 9.219544 3.162278 0 4.472136 4.242641 5.656854 14.42221 132.6042 86.72946 84.58132 47.41843 90.56765 63.16552 98.6471 82 107.7822 100.3567 112.2943 92.62981 111.018 100.439 105.2093 101.1781 84.50444 85.42833 104.6614 111.072 123.0691 125.1759 127.2871 102.1567 181.4663 171.5971 170.7754 156.6046 158.2182 166.3505 162.2467 171.4205 173.8994 220.7918 219.8028 223.2896 231.8124 227.1783 222.1227 197.1852 222.9484 204.5787 242.1281 271.0931 225.0356 226.7907 231.5134 286.4703 210.3735 244.043 214.1121 283.8631 225.748 219.0639 228.4841 225.577 241.5512 232.3101 234.0192 235.4067 259.2181 313.055 299.118 250.3003 268.8885 282.9788 286.5481 283.9618 283.2967 294.1024 285.4085
167.897 16.97056 19.41649 8.544004 7.615773 4.472136 0 7.071068 2 15.6205 136.1515 82.28001 80.11242 43.54604 86.09588 58.83777 94.1767 77.60412 103.3102 95.8965 107.8239 88.25124 106.5505 96.02083 100.8018 96.83751 80.43009 81.40025 100.449 106.7942 118.8024 120.9173 123.0366 101.9804 183.2212 173.0979 172.1983 152.6335 154.2628 162.4146 158.5181 167.5858 170.0382 221.452 220.3798 223.9514 232.6994 227.8464 222.5859 194.2833 223.3428 201.7273 242.7385 272.285 224.9556 226.7377 231.5882 287.3788 208.8851 244.4361 212.7346 285.0162 222.7339 216.5664 225.5593 224.2432 238.5183 230.5559 232.1056 233.6341 259.0483 313.98 299.8072 248.0166 268.5386 282.795 286.1176 280.9528 281.8528 291.0674 283.9754
165.4815 13.92839 15 13.45362 4 4.242641 7.071068 0 7.071068 10.29563 129.0862 88.54377 86.16264 46.85358 92.04618 63.62859 99.96124 82.70671 109.165 101.4912 113.5958 93.24045 112.2542 101.2423 105.9481 101.6219 84.21995 85.04117 104.69 111.2879 123.2396 125.3196 127.4049 98.23441 177.2343 167.3546 166.533 156.0288 157.6103 165.7 161.2265 170.5784 173.104 216.6218 215.6484 219.1193 227.6071 223.0067 217.992 195.059 218.8333 202.3962 237.9664 266.8582 221.0543 222.8004 227.4828 282.2612 207.0676 239.9271 210.7368 279.6306 223.7371 216.5294 226.3736 222.1734 239.5576 229.1768 231 232.2856 255.2646 308.8435 294.9406 247.5707 265 279.0287 282.6899 281.933 279.9518 292.1014 282.0567
165.9487 18.43909 20.61553 10.44031 8.602325 5.656854 2 7.071068 0 14.42221 135.8057 81.59657 79.30952 41.86296 85.24377 57.52661 93.24832 76.40419 102.4158 94.88663 106.8925 87.01758 105.5888 94.86833 99.62429 95.54233 78.87332 79.81228 99.00505 105.4182 117.4138 119.5199 121.6306 100.1798 181.9505 171.7369 170.8106 151.0132 152.6335 160.7747 156.7801 165.8945 168.3597 219.8295 218.7356 222.3291 231.1385 226.2256 220.9129 192.3382 221.6529 199.7756 241.1016 270.8133 223.1614 224.9489 229.8255 285.8212 206.9034 242.7447 210.7605 283.5317 220.8062 214.581 223.618 222.2724 236.5939 228.5607 230.1065 231.6384 257.2353 312.426 298.1885 246.0208 266.6927 280.9786 284.2576 279.0249 279.8732 289.144 281.9965
155.7436 22 21.37756 23.43075 13.92839 14.42221 15.6205 10.29563 14.42221 0 122.7874 91.00549 88.0568 44.21547 93.62959 63.06593 101.0705 82.46696 110.3857 102.1411 114.5862 92.66339 113.0885 101.0742 105.5888 100.5717 81.56592 82.13404 102.6158 109.6221 121.4002 123.4058 125.4193 88.02272 167.6007 157.5063 156.6277 152.3056 153.8083 161.7792 156.4736 166.2077 168.8342 206.371 205.3807 208.869 217.4235 212.7581 207.7077 187.8563 208.5426 195.071 227.706 256.8146 210.7914 212.5324 217.1968 272.0881 197.6487 229.6367 201.2064 269.5668 216.7436 208.4922 219.1734 212.5959 232.587 220.0364 222.0563 223.165 245.0184 298.6776 284.6998 239.1448 254.8038 268.7843 272.5204 274.863 270.4533 285.0829 272.5472
169.1246 127.2764 123.1578 140.7338 129.8743 132.6042 136.1515 129.0862 135.8057 122.7874 0 210.9746 207.1008 157.4803 211.8254 178.4562 217.8457 196.8387 227.0432 217.661 230.4541 205.1851 228.5856 214.2533 217.8369 210.8159 187.9106 187.3539 208.6393 216.6545 226.6049 228.0934 229.594 112.4342 92.75788 94.12793 96.0554 244.1192 244.9411 251.2916 240.4006 251.9916 255.1123 155.5658 157.2414 157.5251 157.8766 160.4905 162.4638 243.0454 165.1637 247.6451 174.5615 183.2508 180.8917 181.4995 181.5406 204.89 211.0031 182.53 210.6919 195.8372 271.0162 248.7211 270.4478 218.6536 285.4953 236.9219 243.2316 240.0758 211.9586 228.7529 222.4266 268.7036 225.6175 233.0327 243.4686 322.7339 271.2679 332.9039 272.8028
176.8582 97.9898 101.2373 82.73452 89.88882 86.72946 82.28001 88.54377 81.59657 91.00549 210.9746 0 5.656854 54.51842 8.514693 34.59186 16.62077 23.84114 23.43075 20.85998 28.42534 27.26421 28.01785 27.01851 31.257 34.4916 43.41659 45.60702 44.72136 45 54.58938 56.7186 58.85576 136.4185 235.0915 222.0921 220.1846 95.7549 97.73945 105.6433 109.0046 113.6354 114.9826 255.4153 253.1013 257.8086 269.6164 261.6028 253.394 163.1686 253.0138 171.138 274.8745 312.3734 246.7894 248.9177 255.6126 322.5481 206.6616 273.0073 212.3252 324.1068 186.6105 192.8652 191.387 223.8057 200.9473 221.4723 219.693 223.9746 277.5464 348.6345 331.0631 226.8551 283.4802 300.015 298.8835 241.8971 276.0235 251.0124 278.2589
171.2198 96.17692 99.28243 81.12336 87.72685 84.58132 80.11242 86.16264 79.30952 88.0568 207.1008 5.656854 0 50.09249 6.363961 29.71334 15.23975 18.20989 23.60085 18.66741 28.42534 22.42031 27.58623 23.5372 28.16026 30.29307 37.80212 40 40.1995 41.19466 51.41984 53.60037 55.7853 131.0343 229.8956 216.8307 214.8982 92.39589 94.36631 102.3743 105.119 110.1681 111.6288 249.8259 247.5 252.2167 264.0549 256.0078 247.7751 158.4929 247.3863 166.4691 269.2582 306.8348 241.1327 243.2612 249.9582 316.9439 201.189 267.3668 206.8284 318.5487 182.2808 187.9707 186.9679 218.3232 196.746 216.1712 214.4784 218.6923 271.897 343.0187 325.4258 221.9442 277.8507 294.3756 293.2765 237.8896 270.712 247.0855 272.9469
140.4957 60.20181 61.83755 49.21263 49.98758 47.41843 43.54604 46.85358 41.86296 44.21547 157.4803 54.51842 50.09249 0 54.44041 20.98229 60.41271 39.88054 69.66802 60.51929 73.2991 49.35551 71.54113 58.15073 62.3589 56.72311 37.48177 38.21332 58.40169 65.44374 77.18813 79.19048 81.20504 86.7713 182.5555 170.1305 168.4635 109.2137 110.8146 118.9365 115.0294 124.0398 126.4976 208.7819 206.9319 211.2453 222.0093 215.1232 208.0078 153.6368 208.098 161.3097 229.191 263.9704 205.2922 207.2879 213.2179 276.0642 177.563 228.7999 182.2272 276.1446 181.4276 178.0867 184.6724 193.9269 197.0855 196.9746 197.3655 199.8904 238.0531 302.5279 286.2316 210.6809 245.8437 261.3927 262.5369 239.5434 250.1422 249.5287 252.3302
170.8149 102.2766 105.3304 87.29548 93.70432 90.56765 86.09588 92.04618 85.24377 93.62959 211.8254 8.514693 6.363961 54.44041 0 33.6116 8.902247 18.62525 17.33494 12.62823 22.10204 19.51719 21.22499 18.50676 22.7706 26.13274 37.50333 39.60429 36.50342 36.50342 46.11399 48.25453 50.40337 133.1634 232.5134 219.2762 217.2723 87.2611 89.24405 97.16481 100.5012 105.1309 106.4918 250.8954 248.4799 253.2672 265.3045 257.034 248.6001 154.9468 248.1219 162.9097 270.1009 308.2036 241.2727 243.4184 250.2311 317.8805 199.6509 267.93 205.3984 319.8035 178.2025 184.8202 183.015 216.8237 192.4965 214.0058 212.0625 216.469 271.6404 343.8485 326.0213 218.8201 277.2914 293.9396 292.494 233.4034 268.5675 242.5082 270.8034
148.8526 75.78652 78.13923 62.43074 66.10401 63.16552 58.83777 63.62859 57.52661 63.06593 178.4562 34.59186 29.71334 20.98229 33.6116 0 39.43698 19.42156 48.70931 39.69134 52.42979 29.67151 50.72782 38.01349 42.536 38.01784 24.61759 26.34979 42.12936 48.04935 60.08587 62.23249 64.3852 102.5929 200.6497 187.7771 185.9306 96.08417 97.85498 106.1247 104.5638 112.2988 114.4429 223.0359 220.9127 225.4628 236.859 229.299 221.5417 149.861 221.3659 157.7572 242.9345 279.3447 216.6819 218.7543 225.1112 290.3281 182.6191 241.7171 187.7898 291.2668 176.2613 176.7687 180.1389 199.46 191.5596 200.0447 199.4683 202.7941 248.4898 316.6062 299.5839 210.2206 255.3611 271.4454 271.4601 233.7546 254.117 243.4697 256.3352
169.5845 110.5317 113.4956 95.6883 101.7657 98.6471 94.1767 99.96124 93.24832 101.0705 217.8457 16.62077 15.23975 60.41271 8.902247 39.43698 0 21.56965 9.340771 4.714045 13.64734 17.55558 12.5 12.53994 15.6285 21.15132 37.83186 39.70202 31.75295 30.10399 38.55191 40.61096 42.68782 135.5922 235.4405 221.9725 219.8693 79.72609 81.72056 89.50559 93.63359 97.68444 98.91031 251.6034 249.0642 253.9459 266.2522 257.6747 248.9664 149.413 248.3631 157.3441 270.4704 309.285 240.687 242.8544 249.8213 318.3447 196.7924 267.909 202.6802 320.7156 171.9194 179.7756 176.8933 213.9936 185.9726 210.2647 207.9814 212.6456 270.4704 344.1462 326.0003 213.7709 275.6959 292.5017 290.5771 226.5427 264.8004 235.526 267.036
153.0172 94.45422 97 80.50466 85.00588 82 77.60412 82.70671 76.40419 82.46696 196.8387 23.84114 18.20989 39.88054 18.62525 19.42156 21.56965 0 30.40066 20.8264 33.61547 10.77309 31.76476 18.61182 23.2422 19.89062 19.60102 21.80826 26.84027 30.90955 42.76915 44.99111 47.2144 114.7101 214.2867 200.945 198.9016 81.5414 83.42781 91.66515 92.26917 98.68029 100.5077 232.302 229.9044 234.6773 246.6873 238.4492 230.0654 142.7683 229.6162 150.7467 251.5623 289.5795 223.0592 225.1941 231.938 299.3185 183.2053 249.4927 188.7941 301.1867 167.5687 171.5348 171.968 200.3162 182.398 198.589 197.1218 201.1572 253.7187 325.3171 307.5735 205.425 259.6417 276.1742 275.0727 224.0585 253.0885 233.4872 255.3218
174.4235 119.5701 122.5887 104.6231 110.9099 107.7822 103.3102 109.165 102.4158 110.3857 227.0432 23.43075 23.60085 69.66802 17.33494 48.70931 9.340771 30.40066 0 9.906507 5 24.39612 5.09902 16.64332 17.02939 24.80766 44.94441 46.61545 34.71311 30.88689 36.67424 38.47077 40.31129 143.2515 243.2879 229.6909 227.5286 77.05842 79.05694 86.50145 92.07063 95.04736 96 257.9341 255.3023 260.2523 272.7526 263.9489 255.0343 149.5761 254.3325 157.4383 276.5231 315.8583 245.9797 248.1633 255.2543 324.441 200 273.6494 206.0218 327.1563 170.9458 180.4993 176.1477 217.2004 184.5991 212.4924 209.8237 214.7761 275.2181 350.0967 331.7013 214.4207 280.0464 296.9848 294.6083 224.5645 266.9232 233.3351 269.1561
165.8569 112.4284 115.28 97.78449 103.4495 100.3567 95.8965 101.4912 94.88663 102.1411 217.661 20.85998 18.66741 60.51929 12.62823 39.69134 4.714045 20.8264 9.906507 0 12.79865 14.60131 11.03656 8.091491 10.91508 16.77103 35.16825 36.90265 27.30944 25.39958 33.93826 36.02044 38.12006 133.3972 233.4077 219.8313 217.6803 75.1297 77.12202 84.94394 88.93896 93.0724 94.32995 248.5541 245.9659 250.8839 263.2967 254.596 245.7814 144.7313 245.1295 152.6592 267.2798 306.3732 237.1493 239.3236 246.3435 315.1792 192.5742 264.5691 198.4964 317.7306 167.2053 175.1403 172.1805 209.778 181.2631 205.8401 203.4907 208.2039 266.7255 340.9105 322.6468 209.1321 271.8145 288.6661 286.5962 221.8549 260.3628 230.8507 262.5982
174.0518 124.1692 127.1417 109.2932 115.4123 112.2943 107.8239 113.5958 106.8925 114.5862 230.4541 28.42534 28.42534 73.2991 22.10204 52.42979 13.64734 33.61547 5 12.79865 0 26.34184 2.236068 17.72005 16.64332 24.94668 46.57252 48.08326 34.05877 29.20616 33.52611 35.17101 36.87818 144.9207 245.0551 231.3487 229.1359 73.24616 75.23962 82.53787 88.64536 91.19759 92.0489 258.4898 255.7934 260.7897 273.4246 264.4617 255.4065 146.7787 254.637 154.6009 276.8754 316.5693 245.8394 248.0323 255.2001 324.8075 198.658 273.7901 204.7486 327.7671 167.6391 177.9241 172.9306 215.8449 181.1214 210.6229 207.7619 212.8555 274.7217 350.3555 331.7957 211.7859 279.3081 296.3191 293.6767 220.8346 264.9698 229.524 267.2003
152.2033 105.133 107.6272 91.25972 95.61499 92.62981 88.25124 93.24045 87.01758 92.66339 205.1851 27.26421 22.42031 49.35551 19.51719 29.67151 17.55558 10.77309 24.39612 14.60131 26.34184 0 24.22128 9.077045 13.00442 9.300061 20.56841 22.31102 17.94447 20.57516 32.21462 34.44728 36.68035 118.8596 218.9188 205.3006 203.1338 71.79449 73.7172 81.89681 83.4343 89.22134 90.90932 234.1028 231.5457 236.4404 248.7951 240.1631 231.4245 136.0727 230.8131 144.0491 252.9278 291.8527 223.1756 225.34 232.2885 300.8081 180.2518 250.3539 186.0405 303.2448 159.9993 165.6165 164.6267 197.4351 174.5678 194.4887 192.5646 196.9529 253.0891 326.5966 308.4456 199.6019 258.4608 275.2093 273.4837 215.9008 249.0503 225.1907 251.2863
171.8806 122.9675 125.8968 108.1665 114.1271 111.018 106.5505 112.2542 105.5888 113.0885 228.5856 28.01785 27.58623 71.54113 21.22499 50.72782 12.5 31.76476 5.09902 11.03656 2.236068 24.22128 0 15.52417 14.42221 22.71388 44.38468 45.88028 31.89044 27.20294 32.01562 33.73426 35.51056 142.72 242.86 229.1445 226.9279 72.11103 74.10803 81.50153 87.29834 90.08885 91.00549 256.2577 253.5631 258.558 271.19 262.2308 253.1808 145.1654 252.4143 153.0036 274.6507 314.3342 243.6473 245.8394 253.0009 322.5824 196.6367 271.5769 202.7141 325.5338 166.2431 176.2328 171.4934 213.827 179.8102 208.7223 205.9126 210.9683 272.5674 348.1359 329.586 210.1172 277.1859 294.187 291.5842 219.6618 263.0931 228.3993 265.3243
158.0176 112.8007 115.434 98.59513 103.4698 100.439 96.02083 101.2423 94.86833 101.0742 214.2533 27.01851 23.5372 58.15073 18.50676 38.01349 12.53994 18.61182 16.64332 8.091491 17.72005 9.077045 15.52417 0 5 8.679678 28.86174 30.36445 19.23538 18.02776 27.89265 30.08322 32.28002 127.2006 227.3368 213.6295 211.4196 68.88396 70.85901 78.84478 82 86.70063 88.11924 241.2986 238.6614 243.615 256.1347 247.3095 238.3915 137.0328 237.6931 144.9755 259.8807 299.2495 229.445 231.6247 238.6876 307.798 184.4912 257.0311 190.4206 310.529 159.8711 167.2872 164.7574 201.6953 174.0792 197.7675 195.4508 200.1379 258.8629 333.46 315.0904 201.2865 263.8655 280.7437 278.5936 214.9125 252.2955 224.005 254.5309
157.5691 117.6138 120.2082 103.4795 108.2266 105.2093 100.8018 105.9481 99.62429 105.5888 217.8369 31.257 28.16026 62.3589 22.7706 42.536 15.6285 23.2422 17.02939 10.91508 16.64332 13.00442 14.42221 5 0 8.381734 31.14482 32.38827 17.69181 14.56022 23.34524 25.4951 27.65863 129.031 229.2008 215.3831 213.1203 64.49806 66.48308 74.39422 78.05767 82.38932 83.72574 241.8677 239.1616 244.1644 256.8268 247.8326 238.7645 133.9291 237.9937 141.8467 260.2326 299.9798 229.2684 231.4584 238.6045 308.1649 183.0027 257.1575 189.0106 311.1531 156.2919 164.4688 161.2762 200.2049 170.3517 195.7269 193.2046 198.0452 258.3118 333.7137 315.1707 198.4471 263.0589 280.0179 277.5867 210.9836 250.2039 220.0051 252.4381
149.6194 113.7695 116.1562 100.117 104.1217 101.1781 96.83751 101.6219 95.54233 100.5717 210.8159 34.4916 30.29307 56.72311 26.13274 38.01784 21.15132 19.89062 24.80766 16.77103 24.94668 9.300061 22.71388 8.679678 8.381734 0 23.29349 24.35166 10.61462 11.33226 22.92386 25.15459 27.38619 120.7539 220.9197 207.0742 204.7994 62.70768 64.64586 72.78853 74.85655 80.26053 81.87442 233.5439 230.8523 235.8447 248.4812 239.5186 230.4866 128.8526 229.7361 136.8102 251.9613 291.6292 221.1887 223.3741 230.4843 299.8909 175.8183 248.957 181.7549 302.8204 152.1218 158.9085 156.8989 193.0227 166.5008 189.1155 186.8402 191.4944 250.4276 325.4734 306.9888 192.912 255.3349 272.2415 270.0046 207.5967 243.6495 216.7972 245.8851
133.4761 97.30879 99.15644 85.14693 87.20665 84.50444 80.43009 84.21995 78.87332 81.56592 187.9106 43.41659 37.80212 37.48177 37.50333 24.61759 37.83186 19.60102 44.94441 35.16825 46.57252 20.56841 44.38468 28.86174 31.14482 23.29349 0 2.236068 21.47091 29.15476 40.31129 42.19005 44.10215 98.37174 198.4868 184.8113 182.6232 72.40166 74.09453 82.3195 80.05623 88.10221 90.35486 213.8457 211.3463 216.1972 228.4426 219.9386 211.3398 126.0992 210.8009 134.0404 232.8454 271.4609 203.7695 205.915 212.7348 280.6823 163.7681 230.5125 169.3074 282.9156 152.0226 153.8831 156.0513 180.8535 167.2201 179.5689 178.3536 182.1872 234.2328 306.5648 288.6094 187.6066 240.0708 256.632 255.4745 209.3279 234 218.996 236.2308
131.3127 98.23441 100.005 86.28441 88.09086 85.42833 81.40025 85.04117 79.81228 82.13404 187.3539 45.60702 40 38.21332 39.60429 26.34979 39.70202 21.80826 46.61545 36.90265 48.08326 22.31102 45.88028 30.36445 32.38827 24.35166 2.236068 0 21.54066 29.41088 40.24922 42.05948 43.909 96.84007 196.9873 183.2654 181.0559 71.28113 72.94518 81.14493 78.54935 86.76981 89.06739 211.9174 209.3997 214.2644 226.5502 218 209.3621 124.0645 208.8061 131.9999 230.8679 269.5866 201.6755 203.8235 210.6603 278.717 161.5333 228.4841 167.0748 281.0147 150.0902 151.7531 154.0811 178.6197 165.32 177.3415 176.1391 179.962 232.0862 304.5771 286.5819 185.4596 237.8928 254.4661 253.2779 207.4625 231.7693 217.1526 234
139.993 117.4138 119.5031 104.4844 107.4802 104.6614 100.449 104.69 99.00505 102.6158 208.6393 44.72136 40.1995 58.40169 36.50342 42.12936 31.75295 26.84027 34.71311 27.30944 34.05877 17.94447 31.89044 19.23538 17.69181 10.61462 21.47091 21.54066 0 8.062258 18.86796 20.80865 22.80351 114.5862 214.56 200.5249 198.1546 54.78138 56.64804 64.90377 65.62012 71.8401 73.68175 225.0622 222.2797 227.3351 240.1604 230.9719 221.7487 118.4567 220.9072 126.4235 243.1872 283.3417 211.8136 214.0093 221.2068 291.1197 165.4237 239.9104 171.4001 294.3828 142.0953 148.3678 146.7685 182.628 156.6301 178.5329 176.23 180.9026 240.6824 316.5575 297.8744 182.3712 245.3752 262.3452 259.8963 197.9621 233.0601 207.2661 235.2956
145.5655 123.7619 125.9921 110.4536 113.9517 111.072 106.7942 111.2879 105.4182 109.6221 216.6545 45 41.19466 65.44374 36.50342 48.04935 30.10399 30.90955 30.88689 25.39958 29.20616 20.57516 27.20294 18.02776 14.56022 11.33226 29.15476 29.41088 8.062258 0 12.04159 14.21267 16.40122 122.3315 222.2004 208.1103 205.7091 51.41984 53.36666 61.48577 64.00781 69.05071 70.61161 231.6722 228.8236 233.9236 246.8765 237.5311 228.1633 119.3692 227.2466 127.288 249.5616 290.0651 217.6235 219.8295 227.1184 297.4787 169.4521 246.0447 175.5477 300.9988 141.8837 149.94 146.8128 186.6387 156.0558 181.6177 178.9413 183.8933 246.002 322.7843 303.9206 183.911 250.3518 267.421 264.5854 196.9 236.0381 206.0152 238.2709
146.8227 135.7719 137.9746 122.4949 125.9365 123.0691 118.8024 123.2396 117.4138 121.4002 226.6049 54.58938 51.41984 77.18813 46.11399 60.08587 38.55191 42.76915 36.67424 33.93826 33.52611 32.21462 32.01562 27.89265 23.34524 22.92386 40.31129 40.24922 18.86796 12.04159 0 2.236068 4.472136 129.3136 228.5432 214.2667 211.7575 41.19466 43.18565 51.05389 55.44367 59.13544 60.40695 234.9574 231.9531 237.1524 250.4017 240.6824 230.9859 113.2961 229.8956 121.0998 252.2538 293.5538 219.1278 221.3504 228.8182 300.072 167.7647 248.1955 174.0402 304.2059 134.2716 144.5856 139.4884 184.8594 147.9686 178.3536 175.1142 180.4757 246.4549 325.0465 305.7979 178.3851 250.138 267.3668 263.8164 188.1756 232.4672 197.0768 234.6913
146.5773 137.8876 140.0714 124.6515 128.0352 125.1759 120.9173 125.3196 119.5199 123.4058 228.0934 56.7186 53.60037 79.19048 48.25453 62.23249 40.61096 44.99111 38.47077 36.02044 35.17101 34.44728 33.73426 30.08322 25.4951 25.15459 42.19005 42.05948 20.80865 14.21267 2.236068 0 2.236068 130.1883 229.2444 214.9338 212.4035 39.11521 41.10961 48.93363 53.60037 57.07889 58.30952 235.0532 232.0199 237.2367 250.5394 240.7509 230.9946 111.79 229.8717 119.5693 252.232 293.6754 218.8927 221.1176 228.6164 300.0215 166.9731 248.0726 173.2772 304.2717 132.5091 143.1782 137.7679 184.0435 146.13 177.2823 173.9483 179.3772 246.0183 324.9295 305.6118 176.9357 249.5796 266.8333 263.1554 186.2376 231.3266 195.1083 233.5487
146.3658 140.0071 142.1724 126.8109 130.1384 127.2871 123.0366 127.4049 121.6306 125.4193 229.594 58.85576 55.7853 81.20504 50.40337 64.3852 42.68782 47.2144 40.31129 38.12006 36.87818 36.68035 35.51056 32.28002 27.65863 27.38619 44.10215 43.909 22.80351 16.40122 4.472136 2.236068 0 131.0954 229.9652 215.6221 213.071 37.05401 39.05125 46.82414 51.78803 55.03635 56.22277 235.1702 232.1083 237.3421 250.697 240.8402 231.0249 110.3087 229.8695 118.0614 252.2301 293.8141 218.6801 220.9072 228.4362 299.9877 166.2077 247.9698 172.5399 304.3538 130.7611 141.7921 136.0625 183.2512 144.3027 176.2328 172.8034 178.3 245.6013 324.8279 305.4419 175.5028 249.0402 266.3175 262.5118 184.3064 230.2021 193.1457 232.422
71.88057 108.8118 106.738 110.4943 101.951 102.1567 101.9804 98.23441 100.1798 88.02272 112.4342 136.4185 131.0343 86.7713 133.1634 102.5929 135.5922 114.7101 143.2515 133.3972 144.9207 118.8596 142.72 127.2006 129.031 120.7539 98.37174 96.84007 114.5862 122.3315 129.3136 130.1883 131.0954 0 100.1699 86.44202 84.28671 136.7955 137.2771 142.6692 130.384 142.088 145.2481 122.3479 120.7114 124.8289 135.2812 128.7245 122.215 131.6435 122.6132 136.8377 143.0874 177.2191 122.9837 124.7798 129.7836 189.5061 116.1077 143.6001 118.423 189.3733 160.3034 141.5238 160.4151 129.1395 175.3416 140.8119 144.8068 144.0626 157.0796 216.0373 200.2987 166.6741 166.7843 180.8342 184.537 214.5951 187.0428 224.9361 189.0238
113.3106 182.4335 178.9106 190.6856 179.8777 181.4663 183.2212 177.2343 181.9505 167.6007 92.75788 235.0915 229.8956 182.5555 232.5134 200.6497 235.4405 214.2867 243.2879 233.4077 245.0551 218.9188 242.86 227.3368 229.2008 220.9197 198.4868 196.9873 214.56 222.2004 228.5432 229.2444 229.9652 100.1699 0 14.72715 17.75528 230.1065 230.176 234.0823 220.0045 231.3547 234.4462 64.13267 66.45487 65.84262 65.12296 68.46897 72.18379 199.4492 75.28612 201.3944 82.02439 94.15207 94.81034 94.84725 93.01135 114.0028 144.4611 90.66973 141.7674 107.1226 222.6995 193.6311 220.0659 146.3728 234.5009 168.5052 176.5814 171.2577 122.262 139.1868 130.6643 204.155 136.4001 141.8767 153.5599 264.8345 190.9057 274.2066 192.0833
99.51022 173.375 170.0016 180.7961 170.1829 171.5971 173.0979 167.3546 171.7369 157.5063 94.12793 222.0921 216.8307 170.1305 219.2762 187.7771 221.9725 200.945 229.6909 219.8313 231.3487 205.3006 229.1445 213.6295 215.3831 207.0742 184.8113 183.2654 200.5249 208.1103 214.2667 214.9338 215.6221 86.44202 14.72715 0 3.28718 215.4079 215.4698 219.3583 205.2776 216.63 219.7223 61.7243 63.18074 63.80286 66.34673 66.99917 68.3378 185.3345 71.04615 187.4587 81.6551 100.5757 88.01831 88.37546 87.72938 118.5956 132.4055 88.74245 130.1085 113.5377 209.0017 180.4159 206.5282 135.4372 221.0726 156.9805 164.8046 159.8266 117.9473 144.5615 134.0484 192.2051 131.7493 138.9168 149.4582 252.2328 182.393 261.7317 183.6906
96.22904 172.7896 169.4616 179.9618 169.4144 170.7754 172.1983 166.533 170.8106 156.6277 96.0554 220.1846 214.8982 168.4635 217.2723 185.9306 219.8693 198.9016 227.5286 217.6803 229.1359 203.1338 226.9279 211.4196 213.1203 204.7994 182.6232 181.0559 198.1546 205.7091 211.7575 212.4035 213.071 84.28671 17.75528 3.28718 0 212.5376 212.5847 216.4215 202.3024 213.6358 216.7239 60.25156 61.51829 62.39391 65.62202 65.69056 66.53007 182.0803 69.14658 184.188 80.50621 100.8828 85.58183 85.99564 85.5708 118.4298 129.1869 87.24248 126.9262 113.8112 205.719 177.1306 203.2419 132.3301 217.7855 153.8059 161.6052 156.6607 115.9105 144.5345 133.5792 188.9881 129.6312 137.1104 147.4231 248.9687 179.5919 258.4744 180.9067
132.7629 169.4019 171.0263 157.5436 159.2011 156.6046 152.6335 156.0288 151.0132 152.3056 244.1192 95.7549 92.39589 109.2137 87.2611 96.08417 79.72609 81.5414 77.05842 75.1297 73.24616 71.79449 72.11103 68.88396 64.49806 62.70768 72.40166 71.28113 54.78138 51.41984 41.19466 39.11521 37.05401 136.7955 230.1065 215.4079 212.5376 0 2 10.12423 17.80449 18 19.23538 225.0778 221.5903 227.0336 241.0809 230.2281 219.5826 78.49204 217.9197 85.74047 240.0187 283.4785 203.5387 205.7693 213.676 286.8438 143.4503 234.2008 150.0833 293.026 95.5488 110.6797 101.2423 159.8061 108.3288 149.2012 144.4991 150.8572 226.9912 310.4498 290.1278 143.4617 228.5607 246.0447 240.3943 147.5948 201.6581 156.289 203.8357
132.1801 171.0117 172.6094 159.2231 160.8011 158.2182 154.2628 157.6103 152.6335 153.8083 244.9411 97.73945 94.36631 110.8146 89.24405 97.85498 81.72056 83.42781 79.05694 77.12202 75.23962 73.7172 74.10803 70.85901 66.48308 64.64586 74.09453 72.94518 56.64804 53.36666 43.18565 41.10961 39.05125 137.2771 230.176 215.4698 212.5847 2 0 8.276473 16.27882 16 17.26268 224.5885 221.0797 226.5309 240.6076 229.7063 219.0217 76.844 217.3315 84.04658 239.4013 282.943 202.7807 205.0098 212.9322 286.1512 142.3025 233.4995 148.9463 292.4316 93.65133 109.0413 99.368 158.6001 106.3806 147.787 143.0105 149.4166 226.0199 309.68 289.3133 141.7436 227.4819 244.9694 239.2165 145.6046 200.125 154.2927 202.2993
133.6526 179.1382 180.7 167.4291 168.9157 166.3505 162.4146 165.7 160.7747 161.7792 251.2916 105.6433 102.3743 118.9365 97.16481 106.1247 89.50559 91.66515 86.50145 84.94394 82.53787 81.89681 81.50153 78.84478 74.39422 72.78853 82.3195 81.14493 64.90377 61.48577 51.05389 48.93363 46.82414 142.6692 234.0823 219.3583 216.4215 10.12423 8.276473 0 15.18223 9.192388 9.513149 226.3283 222.7336 228.2132 242.4015 231.3061 220.4654 73.05135 218.6607 79.9047 240.5878 284.452 203.3826 205.6028 213.5875 286.9831 141.1471 234.3256 147.8327 293.6856 87.84715 105.1879 93.76833 157.1194 100.0088 145.205 140.0089 146.6823 225.6203 310.1584 289.5995 137.2889 226.5624 244.0543 237.7943 138.5538 196.7905 147.0757 198.9435
118.5169 174.9286 176.1732 164.1371 164.639 162.2467 158.5181 161.2265 156.7801 156.4736 240.4006 109.0046 105.119 115.0294 100.5012 104.5638 93.63359 92.26917 92.07063 88.93896 88.64536 83.4343 87.29834 82 78.05767 74.85655 80.05623 78.54935 65.62012 64.00781 55.44367 53.60037 51.78803 130.384 220.0045 205.2776 202.3024 17.80449 16.27882 15.18223 0 11.7047 14.86607 211.2179 207.6084 213.0921 227.2994 216.1712 205.3107 60.74537 203.4945 68.07565 225.4107 269.3006 188.2153 190.4363 198.4165 271.8043 126.4792 219.1461 133.1465 278.5108 79.04285 92.91394 84.48077 142.6359 92.53019 131.5295 126.732 133.1456 210.6609 295.0094 274.4776 125.8342 211.8042 229.2968 223.2942 132.9297 183.8614 142.0079 186.0376
128.5465 184.1657 185.564 172.9046 173.8994 171.4205 167.5858 170.5784 165.8945 166.2077 251.9916 113.6354 110.1681 124.0398 105.1309 112.2988 97.68444 98.68029 95.04736 93.0724 91.19759 89.22134 90.08885 86.70063 82.38932 80.26053 88.10221 86.76981 71.8401 69.05071 59.13544 57.07889 55.03635 142.088 231.3547 216.63 213.6358 18 16 9.192388 11.7047 0 3.162278 221.2871 217.6149 223.1149 237.3942 226.1261 215.1523 64.38167 213.244 71.07058 235.017 279.1385 197.3423 199.552 207.58 281.062 133.8432 228.4426 140.5454 288.1323 78.65477 96.42614 84.58132 149.566 90.87657 137 131.5903 138.3935 218.7533 303.9253 283.221 128.2936 219.3171 236.7995 230.2022 129.6934 188.1755 138.3266 190.3182
131.3442 186.6574 188.0957 175.2769 176.4001 173.8994 170.0382 173.104 168.3597 168.8342 255.1123 114.9826 111.6288 126.4976 106.4918 114.4429 98.91031 100.5077 96 94.32995 92.0489 90.90932 91.00549 88.11924 83.72574 81.87442 90.35486 89.06739 73.68175 70.61161 60.40695 58.30952 56.22277 145.2481 234.4462 219.7223 216.7239 19.23538 17.26268 9.513149 14.86607 3.162278 0 224.0759 220.3889 225.8921 240.1874 228.8864 217.8864 65.76473 215.956 72.2636 237.691 281.865 199.905 202.1114 210.1494 283.6443 136 231.0411 142.706 290.8045 78.93334 97.67292 84.97058 151.6047 90.76961 138.6831 133.124 140.019 221.0543 306.4195 285.6742 129.214 221.4723 238.9477 232.2012 129.0712 189.5257 137.5691 191.6586
92.74276 224.8399 221.9234 229.7129 219.9386 220.7918 221.452 216.6218 219.8295 206.371 155.5658 255.4153 249.8259 208.7819 250.8954 223.0359 251.6034 232.302 257.9341 248.5541 258.4898 234.1028 256.2577 241.2986 241.8677 233.5439 213.8457 211.9174 225.0622 231.6722 234.9574 235.0532 235.1702 122.3479 64.13267 61.7243 60.25156 225.0778 224.5885 226.3283 211.2179 221.2871 224.0759 0 4.272002 2.5 16.12452 6.403124 9.924717 174.2326 13.45362 173.6908 21.47091 58.68897 37.20215 36.23534 31.4978 67.32006 104.5466 27.01851 99.62429 69.32712 191.283 158.9025 187.1096 99.80982 199.9564 123.5678 132.6198 125.6488 58.5235 93.74607 78.36173 159.9414 72.8011 77.78175 89.56328 222.9079 133.124 231.2407 133.9589
89.09768 224.0787 221.2177 228.6794 219.0074 219.8028 220.3798 215.6484 218.7356 205.3807 157.2414 253.1013 247.5 206.9319 248.4799 220.9127 249.0642 229.9044 255.3023 245.9659 255.7934 231.5457 253.5631 238.6614 239.1616 230.8523 211.3463 209.3997 222.2797 228.8236 231.9531 232.0199 232.1083 120.7114 66.45487 63.18074 61.51829 221.5903 221.0797 222.7336 207.6084 217.6149 220.3889 4.272002 0 5.522681 20.00625 8.732125 6.103278 170.1654 9.604686 169.5674 22.41093 61.96066 33.10967 32.22189 27.8812 69.45347 100.2958 25.98557 95.35853 72.25303 187.0785 154.6714 182.8859 95.54711 195.7099 119.3032 128.3521 121.3902 55.84129 95.70226 79.6405 155.6824 70.04463 75.82381 87.10656 218.644 129.3493 226.9857 130.2162
94.58803 227.3285 224.4087 232.2116 222.4348 223.2896 223.9514 219.1193 222.3291 208.869 157.5251 257.8086 252.2167 211.2453 253.2672 225.4628 253.9459 234.6773 260.2523 250.8839 260.7897 236.4404 258.558 243.615 244.1644 235.8447 216.1972 214.2644 227.3351 233.9236 237.1524 237.2367 237.3421 124.8289 65.84262 63.80286 62.39391 227.0336 226.5309 228.2132 213.0921 223.1149 225.8921 2.5 5.522681 0 14.5 3.905125 10.06231 175.6395 13.46291 175.0021 19.00658 56.59269 37.31287 36.21119 31.00045 64.87756 105.5047 25.005 100.4801 67.08204 192.4077 159.9414 188.1735 100.3855 200.927 124.1541 133.2376 126.1858 57.19484 91.28342 75.86178 160.4759 71.5 76.03453 88.06528 223.4754 132.6622 231.7412 133.4588
108.8477 235.2127 232.1422 240.8402 230.8008 231.8124 232.6994 227.6071 231.1385 217.4235 157.8766 269.6164 264.0549 222.0093 265.3045 236.859 266.2522 246.6873 272.7526 263.2967 273.4246 248.7951 271.19 256.1347 256.8268 248.4812 228.4426 226.5502 240.1604 246.8765 250.4017 250.5394 250.697 135.2812 65.12296 66.34673 65.62202 241.0809 240.6076 242.4015 227.2994 237.3942 240.1874 16.12452 20.00625 14.5 0 12.36932 23.92697 190.1289 26.92582 189.4535 18.02776 43.18871 50.15974 48.75449 42.36482 54.68539 119.6411 29.15476 114.4771 54.5 206.7108 174.1551 202.4105 113.8859 215.0421 137.6408 146.7787 139.5653 64.07027 81.29802 68.24485 173.8138 78.23043 79.71198 93.33261 236.8493 142.9475 244.9576 143.5862
97.65461 231.1926 228.2652 236.1038 226.3184 227.1783 227.8464 223.0067 226.2256 212.7581 160.4905 261.6028 256.0078 215.1232 257.034 229.299 257.6747 238.4492 263.9489 254.596 264.4617 240.1631 262.2308 247.3095 247.8326 239.5186 219.9386 218 230.9719 237.5311 240.6824 240.7509 240.8402 128.7245 68.46897 66.99917 65.69056 230.2281 229.7063 231.3061 216.1712 226.1261 228.8864 6.403124 8.732125 3.905125 12.36932 0 11.59741 178.0449 14.56022 177.2665 15.23155 53.27455 38.01316 36.71512 30.81846 61.03071 107.28 22.2036 102.1078 63.52362 194.39 161.8054 190.0658 101.5923 202.676 125.3555 134.4805 127.3108 55.4617 87.4097 71.9636 161.5774 69.77822 73.5459 85.98743 224.6072 132.2309 232.7687 132.9662
86.85399 226.6991 223.9118 230.934 221.4057 222.1227 222.5859 217.992 220.9129 207.7077 162.4638 253.394 247.7751 208.0078 248.6001 221.5417 248.9664 230.0654 255.0343 245.7814 255.4065 231.4245 253.1808 238.3915 238.7645 230.4866 211.3398 209.3621 221.7487 228.1633 230.9859 230.9946 231.0249 122.215 72.18379 68.3378 66.53007 219.5826 219.0217 220.4654 205.3107 215.1523 217.8864 9.924717 6.103278 10.06231 23.92697 11.59741 0 166.5188 3.535534 165.6934 21.50581 63.99375 27.32215 26.31539 21.77792 69.40717 95.72095 22.19234 90.60077 73.5612 182.7961 150.2282 178.4839 90.34655 191.1306 114.1162 123.2092 116.1353 50.08493 95.25184 78.22442 150.4236 64.22227 70.58683 81.46222 213.4288 123.2822 221.6828 124.139
86.52811 208.9258 209.0957 201.4274 198.9171 197.1852 194.2833 195.059 192.3382 187.8563 243.0454 163.1686 158.4929 153.6368 154.9468 149.861 149.413 142.7683 149.5761 144.7313 146.7787 136.0727 145.1654 137.0328 133.9291 128.8526 126.0992 124.0645 118.4567 119.3692 113.2961 111.79 110.3087 131.6435 199.4492 185.3345 182.0803 78.49204 76.844 73.05135 60.74537 64.38167 65.76473 174.2326 170.1654 175.6395 190.1289 178.0449 166.5188 0 164 7.98088 184.2715 229.1749 144.5856 146.6697 154.7615 227.5116 75.18643 175.9233 81.7435 236.6205 29.35767 32.20248 31.32092 88.95504 45.10758 73.4983 67.47592 74.60399 160.7234 248.4182 227.1131 65.29357 159.3267 176.6154 168.5396 87.04947 123.7942 97.32035 125.9365
85.15678 227.706 224.9644 231.7175 222.2791 222.9484 223.3428 218.8333 221.6529 208.5426 165.1637 253.0138 247.3863 208.098 248.1219 221.3659 248.3631 229.6162 254.3325 245.1295 254.637 230.8131 252.4143 237.6931 237.9937 229.7361 210.8009 208.8061 220.9072 227.2466 229.8956 229.8717 229.8695 122.6132 75.28612 71.04615 69.14658 217.9197 217.3315 218.6607 203.4945 213.244 215.956 13.45362 9.604686 13.46291 26.92582 14.56022 3.535534 164 0 163.0582 22.36068 65.93874 23.85372 22.80351 18.30604 70.23299 92.76314 21.09502 87.5557 75.10826 179.9519 147.3126 175.5819 87.09191 188.1409 110.8603 119.9708 112.849 47.07441 95.78383 78.22762 147.13 61.13101 68.00735 78.5267 210.1481 119.7539 218.3649 120.6151
88.11667 216.2413 216.3479 208.9356 206.2703 204.5787 201.7273 202.3962 199.7756 195.071 247.6451 171.138 166.4691 161.3097 162.9097 157.7572 157.3441 150.7467 157.4383 152.6592 154.6009 144.0491 153.0036 144.9755 141.8467 136.8102 134.0404 131.9999 126.4235 127.288 121.0998 119.5693 118.0614 136.8377 201.3944 187.4587 184.188 85.74047 84.04658 79.9047 68.07565 71.07058 72.2636 173.6908 169.5674 175.0021 189.4535 177.2665 165.6934 7.98088 163.0582 0 182.8787 227.7701 142.9577 144.995 153.0473 225.2986 72.57291 174.1598 78.96093 234.8526 23.46651 25.43281 24.31243 85.34027 38.75623 68.4078 61.80152 69.25077 157.5431 245.6662 224.2562 57.766 155.5025 172.6639 164.0411 80.09046 117.3628 90.41761 119.4787
107.2887 246.2722 243.3701 251.0239 241.3048 242.1281 242.7385 237.9664 241.1016 227.706 174.5615 274.8745 269.2582 229.191 270.1009 242.9345 270.4704 251.5623 276.5231 267.2798 276.8754 252.9278 274.6507 259.8807 260.2326 251.9613 232.8454 230.8679 243.1872 249.5616 252.2538 252.232 252.2301 143.0874 82.02439 81.6551 80.50621 240.0187 239.4013 240.5878 225.4107 235.017 237.691 21.47091 22.41093 19.00658 18.02776 15.23155 21.50581 184.2715 22.36068 182.8787 0 44.90671 40.11234 38.20995 30.47039 47.93418 111.2879 12.04159 105.5746 53.11544 198.7251 165.7739 194.0335 103.3683 205.9954 126.8464 136.0625 128.4769 46.8615 73.76062 57.23251 162.4107 60.80296 61.68468 75.43009 225.3133 127.2831 233.0306 127.7811
150.8168 273.5582 270.2785 280.2295 269.8665 271.0931 272.285 266.8582 270.8133 256.8146 183.2508 312.3734 306.8348 263.9704 308.2036 279.3447 309.285 289.5795 315.8583 306.3732 316.5693 291.8527 314.3342 299.2495 299.9798 291.6292 271.4609 269.5866 283.3417 290.0651 293.5538 293.6754 293.8141 177.2191 94.15207 100.5757 100.8828 283.4785 282.943 284.452 269.3006 279.1385 281.865 58.68897 61.96066 56.59269 43.18871 53.27455 63.99375 229.1749 65.93874 227.7701 44.90671 0 84.87768 82.89807 74.95167 23.73798 155.9918 54.2222 150.1501 12.99304 243.3682 210.3477 238.5628 147.258 250.2403 170.3858 179.5958 171.7937 82.30011 45.50986 42.97702 205.2469 93.62299 86.56967 102.614 267.7366 163.7364 275.0128 163.8279
72.31629 231.0087 228.6001 233.4609 224.6976 225.0356 224.9556 221.0543 223.1614 210.7914 180.8917 246.7894 241.1327 205.2922 241.2727 216.6819 240.687 223.0592 245.9797 237.1493 245.8394 223.1756 243.6473 229.445 229.2684 221.1887 203.7695 201.6755 211.8136 217.6235 219.1278 218.8927 218.6801 122.9837 94.81034 88.01831 85.58183 203.5387 202.7807 203.3826 188.2153 197.3423 199.905 37.20215 33.10967 37.31287 50.15974 38.01316 27.32215 144.5856 23.85372 142.9577 40.11234 84.87768 0 2.236068 10.26861 83.7682 71.17584 31.40064 65.49046 92.04483 158.6133 125.6742 153.9415 63.89053 166.0197 87.59566 96.76776 89.45333 34.48188 106.918 86.88245 123.674 46.17359 58.18935 64.4941 186.7102 97.00515 194.798 98.0051
74.54236 232.6929 230.2629 235.2382 226.4332 226.7907 226.7377 222.8004 224.9489 212.5324 181.4995 248.9177 243.2612 207.2879 243.4184 218.7543 242.8544 225.1941 248.1633 239.3236 248.0323 225.34 245.8394 231.6247 231.4584 223.3741 205.915 203.8235 214.0093 219.8295 221.3504 221.1176 220.9072 124.7798 94.84725 88.37546 85.99564 205.7693 205.0098 205.6028 190.4363 199.552 202.1114 36.23534 32.22189 36.21119 48.75449 36.71512 26.31539 146.6697 22.80351 144.995 38.20995 82.89807 2.236068 0 8.11035 81.57581 73.10951 29.27456 67.36468 89.95138 160.5306 127.5657 155.8236 65.52099 167.8311 89.1852 98.37174 90.99473 32.98485 104.6855 84.64727 125.1769 45.04442 56.61272 63.34678 188.2075 97.45255 196.2377 98.40732
