0 177.0564 18.24829 27.28553 60.29925 70.70007 41.67733 82.8734 35.28172 85.23497 93.40771 37.82195 138.3934 103.1237 106.0047 55.30769 101.8779 68.93012 67.2328 62.98016 63.56099 65.32313 100.024 94.76286 106.3549 108.6238 89.88882 114.3897 191.7316 155.9263 182.2651 181.5551 182.4829 184.2715 194.3631 202.1289 204.4358 234.4376 213.0303 215.5574 208.1466 215.6196 250.06 253.7972 282.1197 244.1803 313.0557 222.6432 226.4178 294.9343 236.5134 230.5862 239.4034 237.8949 262.6119 252.2804 267.0824 244.4606 270.224 277.3536 246.0732 247.5472 279.1218 286.3429 286.8318 287.5835 278.6992 310.6995 289.8068 295.4657 296.9394 262.052 290.2912 288.9792 315.7927 317.657 315.3075 310.118 328.6584 329.8742 328.0774 294.7292 331.5675 331.6896 326.9557 310.5431 309.5561 332.1807 339.2285 304.8217 307.6882 315.3363 343.353
177.0564 0 171.5397 177.8198 192.2057 186.7634 167.9639 183.6849 153.6154 181.1463 184.7103 147.7518 167.7924 182.1068 178.5696 134.5227 172.6663 144.4289 142.9996 124.3493 121.5685 121.1498 147.0626 145.3884 145.7881 142.8092 111.2834 68.45461 114.601 123.9662 100.588 97.32007 118.2912 113.9678 129.7888 117.8066 121.2159 110.8659 128.5644 131.1098 84.87314 86.87657 104.8929 111.4169 154.7039 88.16856 166.4725 47.65341 50.18504 164.3066 108.6997 82.03199 106.6295 61.26914 100.4714 121.4427 104.5808 72.62862 107.3072 119.7516 77.31251 75.88621 120.9511 132.6462 131.7137 127.8072 111.8312 163.6214 129.4192 138.7536 141.1501 101.2829 126.9314 118.5463 158.8683 161.0519 155.2307 145.3925 174.6048 176.953 172.8705 155.7827 178.1491 176.9887 169.1176 142.1472 139.9399 173.0864 183.7045 165.7852 132.1293 140.7515 181.7156
18.24829 171.5397 0 44.63743 78.05767 87.7069 56.921 99.20181 45.73183 101.2423 109.4806 45.98369 120.2884 118.6276 121.0785 62.06401 116.4994 79.85838 77.78335 67.57588 67.1193 69.25396 111.6654 106.2121 117.7572 119.6187 95.18929 105.9906 176.8276 163.8353 168.0701 167.5746 188.9047 190.192 201.3753 207.5984 210.1166 221.3594 218.9495 221.5762 209.9905 217.1972 238.4722 241.8677 268.4255 233.8568 300.6746 218.1857 221.5085 281.3205 238.8779 230.4365 241.3069 232.7767 252.7331 254.7208 257.1886 241.0187 260.3459 266.6608 243.2961 244.1733 268.4772 275.0568 275.7073 277.042 269.3385 298.395 279.3224 284.431 285.7726 260.8587 280.232 280.2035 304.5685 306.374 304.5124 300.0779 316.9555 318.0252 316.5214 296.999 319.7624 320.0391 315.7483 301.1611 300.433 321.0997 327.6172 307.2186 300.3415 307.5386 332.5541
27.28553 177.8198 44.63743 0 33.50373 43.41659 17.33494 55.80771 24.22602 58.36523 66.45675 30.08322 162.609 76.53757 79.76528 44.85175 76.10702 49.45733 48.54122 54.74486 56.89025 57.79514 77.92436 73.09241 84.4077 87.16722 77.69492 121.3693 207.9002 137.6318 197.1989 196.1052 165.7905 168.2335 176.7385 186.4786 188.4741 246.8451 196.6589 199.0289 197.4652 205.2235 259.7085 264.0123 295.3563 251.7231 323.7169 221.0713 225.4917 307.9549 224.7755 222.5006 228.286 237.1592 269.2555 240.2928 273.7161 241.0985 276.8077 285.2622 241.6951 244.0509 286.9364 295.2139 295.42 295.1665 284.3594 321.2343 297.2785 303.8462 305.5397 255.1769 297.0396 293.6026 324.3894 326.3472 323.1633 316.7141 338.0334 339.5033 337.1957 282.6708 341.1107 340.9582 335.4676 316.0324 314.6212 340.4475 348.3942 292.5273 309.8717 318.1988 351.0787
60.29925 192.2057 78.05767 33.50373 0 14.30035 28.30194 28.42534 47.13385 32.20248 38.8973 52.84411 195.6471 50.28419 54.81788 59.39768 53.28331 48.96285 49.86231 69.11223 72.47068 72.27109 65.42364 62.28965 71.4658 75.02083 82.8734 143.5584 235.8495 128.082 224.2957 222.9131 157.8354 161.2452 166.9281 179.5665 181.0249 271.3982 188.3664 190.4337 197.4968 205.4581 281.6558 286.4489 320.3029 271.7425 346.1543 231.9353 237.0084 332.6413 222.75 225.4285 227.0551 248.6966 288.21 237.6401 292.6175 249.5376 295.6298 305.3211 248.9096 252.2837 306.8892 316.1301 316.0609 314.8242 302.1775 343.5668 316.8091 324.2221 326.1181 259.0931 315.8496 310.266 344.8376 346.8746 342.888 335.2185 359.1592 360.867 358.0765 279.3172 362.3824 361.9641 355.764 333.4082 331.5675 360.4719 369.2587 288.7287 323.7839 332.7777 370.5013
70.70007 186.7634 87.7069 43.41659 14.30035 0 32.68792 14.1598 50.76318 17.90251 24.78911 55.65968 202.5198 36.06938 40.52777 57.91918 39.05054 42.34416 43.90046 66.70832 70.35979 69.69178 53.05681 50.56184 58.79677 62.47099 75.85842 142.3534 237.391 115.4145 225.2955 223.7258 145.3289 148.9446 153.9756 167.1893 168.5185 270.5781 175.6456 177.6415 186.8596 194.8386 279.3215 284.3633 319.5688 268.4446 343.8983 224.7944 230.0967 331.7171 211.4169 215.5331 215.9224 241.7364 284.3246 226.0886 288.691 241.4011 291.6548 301.9247 240.3383 244.0608 303.4345 313.1393 312.9281 311.1981 297.7033 341.2592 313.1142 320.9307 322.9249 249.3757 311.8052 305.2352 341.5296 343.6022 339.2195 330.9736 356.1686 357.9979 354.9605 267.4772 359.4614 358.9046 352.3528 328.6373 326.6045 356.9125 366.11 276.7603 317.5193 326.7698 366.62
41.67733 167.9639 56.921 17.33494 28.30194 32.68792 0 42.57934 18.87326 44.38468 52.63079 24.54588 169.8321 61.74545 64.40497 33.45698 60.20059 32.67049 32.06634 43.61766 46.52956 46.81999 60.59761 55.75841 67.07876 69.83284 63.12686 116.0431 207.5476 120.5404 196.0193 194.6567 148.9463 151.5289 159.6997 169.8267 171.7469 243.5077 179.8302 182.1648 182.2745 190.1069 254.4661 259.1139 292.3567 245.204 318.8613 209.6879 214.4062 304.7544 209.1432 208.1946 212.8497 226.1084 262.103 224.5462 266.5371 228.7575 269.5849 278.8046 228.8864 231.6353 280.414 289.3134 289.3415 288.4688 276.5597 316.3042 290.5047 297.6054 299.4295 241.2494 289.831 285.1701 318.2106 320.2202 316.5309 309.3438 332.3008 333.9281 331.3032 266.8302 335.4758 335.1492 329.2005 308.0162 306.3658 334.0135 342.4982 276.6031 300.0417 308.707 344.2822
82.8734 183.6849 99.20181 55.80771 28.42534 14.1598 42.57934 0 58.82176 4.123106 10.81665 62.83709 211.1886 21.92031 26.40076 61.21849 25.38591 41.3686 43.54595 68.67678 72.47068 71.36137 43.08002 41.76123 48.13481 51.92422 72.47068 143.9618 241.1079 104.1201 228.5386 226.7956 134.1343 138.0145 142.1443 156.1029 157.2578 271.9062 164.083 165.9789 177.9017 185.8769 279.1165 284.3959 320.869 267.2901 343.6376 219.7134 225.2488 332.8066 201.5465 207.3692 206.2862 236.7995 282.5261 215.9212 286.8397 235.1702 289.7464 300.5878 233.6236 237.7265 302.0348 312.1926 311.8373 309.6066 295.2647 340.9513 311.4482 319.6623 321.753 241.3364 309.7822 302.2003 340.2073 342.3127 337.5325 328.7075 355.1455 357.0952 353.8118 256.8964 358.5038 357.8072 350.9074 325.8297 323.6001 355.3083 364.9109 266.0117 313.1581 322.6655 364.6714
35.28172 153.6154 45.73183 24.22602 47.13385 50.76318 18.87326 58.82176 0 59.84814 67.94262 6.140033 152.3877 75.58902 77.27483 21.5488 72.15108 34.24852 32.31486 30.94673 32.81463 33.88477 65.96471 60.53759 72.11103 74.09943 55.8856 98.51802 188.7501 120.6491 177.3246 176.0064 147.4069 149.3372 159.1559 167.318 169.5465 225.3517 178.0532 180.5486 175.4588 183.1078 237.0561 241.5521 274.1182 228.4452 301.3051 196.8969 201.2864 286.581 203.3065 199.5525 206.5265 212.9498 245.7287 218.9688 250.1811 217.1106 253.2576 262.0263 217.8623 220.0833 263.6729 272.2401 272.361 271.8313 260.6125 298.7795 273.9124 280.7148 282.4695 231.9104 273.5021 269.6757 301.2935 303.2761 299.8651 293.1233 315.157 316.7071 314.24 261.4273 318.2845 318.0447 312.3344 292.2277 290.747 317.2406 325.44 271.4131 285.6907 294.0616 327.7195
85.23497 181.1463 101.2423 58.36523 32.20248 17.90251 44.38468 4.123106 59.84814 0 8.246211 63.54919 212.0269 18.50676 22.67157 60.77623 21.32552 39.98785 42.29953 67.78274 71.58911 70.36176 39.33166 38.27532 44.2398 48.03775 70.0928 142.6885 240.3373 100.08 227.6376 225.8456 130.0961 134.0037 138.0507 152.0716 153.209 270.4404 160.0069 161.895 174.1551 182.1271 277.2382 282.5774 319.376 265.1735 341.7229 216.6956 222.2791 331.2525 197.6557 203.7474 202.4278 233.8055 280.2428 211.9882 284.5417 231.9052 287.4335 298.4125 230.2629 234.4398 299.8433 310.1117 309.72 307.365 292.8212 339.025 309.1876 317.498 319.6123 237.7273 307.4345 299.6131 338.0237 340.1367 335.2592 326.2955 353.033 355.0127 351.6681 252.9083 356.4071 355.6754 348.6904 323.2893 321.014 353.051 362.752 262.0043 310.266 319.8281 362.3275
93.40771 184.7103 109.4806 66.45675 38.8973 24.78911 52.63079 10.81665 67.94262 8.246211 0 71.50175 219.9731 11.51086 16.55295 67.88953 17.36216 46.19915 48.65439 74.38078 78.18568 76.82086 39.87113 39.96248 43.84929 47.63009 74.33034 148.6069 246.8562 98.0816 233.9976 232.1427 128.0352 132.1855 135.2997 150.037 151 275.9746 157.4745 159.2545 173.9023 181.8484 282.0727 287.517 324.8502 269.5645 346.4675 219.0091 224.7221 336.6248 196.599 204.0221 201.5564 236.1715 284.2886 210.6496 288.555 233.4609 291.4138 302.6714 231.5016 235.9232 304.0691 314.5525 314.09 311.4856 296.5169 343.7493 313.2683 321.7717 323.9321 238.0257 311.3326 302.9785 342.2514 344.3792 339.3039 330.047 357.398 359.4357 355.9716 251.1463 360.8019 360.0014 352.847 326.7537 324.3732 357.1232 367.0218 260.0812 312.8658 322.5678 366.2148
37.82195 147.7518 45.98369 30.08322 52.84411 55.65968 24.54588 62.83709 6.140033 63.54919 71.50175 0 148.481 78.51751 79.82794 17.52992 74.42856 34.27382 32.03514 26.07681 27.54088 28.83767 66.1151 60.60116 72.05179 73.76059 52.17758 92.38236 183.0096 118.5854 171.48 170.1301 144.736 146.4667 156.7498 164.3075 166.6208 219.2955 175.2333 177.7709 171.2381 178.8277 230.921 235.4241 268.082 222.3117 295.1778 191.2812 195.608 280.5303 199.3043 194.8397 202.3919 207.2595 239.6132 215.0171 244.0666 211.7085 247.1447 255.8916 212.59 214.6991 257.5393 266.1001 266.2217 265.7014 254.5275 292.6504 267.7844 274.5769 276.3304 227.005 267.3883 263.6333 295.155 297.1372 293.7336 287.0158 309.0171 310.568 308.1 257.4822 312.145 311.9046 306.1968 286.1547 284.6902 311.1053 319.3 267.5168 279.7901 288.1189 321.5917
138.3934 167.7924 120.2884 162.609 195.6471 202.5198 169.8321 211.1886 152.3877 212.0269 219.9731 148.481 0 226.4818 227.1691 154.7212 221.2985 178.1435 175.4852 152.0253 148.7924 150.9811 206.3755 201.1005 210.6888 210.7507 171.0848 112.4342 92.75788 235.2963 94.12793 96.0554 249.6127 248.1753 263.5044 260.9204 264.247 146.9057 273.311 276.1774 243.0454 247.6451 174.4984 174.5615 183.2508 180.9462 223.9255 211.0031 210.6919 195.8372 271.0162 248.7211 270.4478 218.6536 200.6892 285.4953 204.4612 236.9219 207.3534 206.5085 243.2316 240.0758 208.5083 209.281 211.1619 216.9898 219.297 222.4266 219.4898 219.7669 219.9385 268.7036 223.6283 233.4143 236.7151 237.9208 240.0118 241.7736 244.4621 244.3147 245.2056 322.7339 246.2836 247.7502 247.2034 247.775 249.0637 253.1627 255.1498 332.9039 262.095 265.3585 266.0267
103.1237 182.1068 118.6276 76.53757 50.28419 36.06938 61.74545 21.92031 75.58902 18.50676 11.51086 78.51751 226.4818 0 5.522681 72.60764 9.571369 49.65576 52.28049 77.87811 81.62414 79.99757 35.17524 36.83069 37.69695 41.28105 73.63763 150.1283 249.3562 89.1207 236.1766 234.1928 118.8802 123.2416 125.5249 140.8437 141.6492 276.457 147.8334 149.5209 166.4227 174.3214 281.3014 286.919 325.1657 268.0718 345.4745 214.5379 220.4144 336.7421 188.2369 197.0596 193.3714 231.738 282.2242 201.9916 286.4341 227.9748 289.2378 300.9227 225.6247 230.3419 302.2656 313.0851 312.5076 309.5065 293.8967 342.7242 311.2242 320.0258 322.2584 231.033 309.0057 299.8575 340.4123 342.5617 337.1777 327.4758 355.7669 357.8973 354.2423 242.052 359.2165 358.305 350.8853 323.7538 321.2203 355.0246 365.2294 250.8371 308.6462 318.5318 363.8204
106.0047 178.5696 121.0785 79.76528 54.81788 40.52777 64.40497 26.40076 77.27483 22.67157 16.55295 79.82794 227.1691 5.522681 0 72.74311 6.437736 49.45733 52.11766 77.35955 81.04937 79.30602 31.51734 33.83785 33.36405 36.81881 71.19691 148.3846 247.9516 83.72574 234.6307 232.5882 113.4416 117.8346 120.0167 135.3949 136.18 274.1168 142.3337 144.0139 161.3072 169.1913 278.4259 284.1127 322.7306 264.9094 342.4829 210.2974 216.2267 334.2174 182.9188 192.0651 188.0877 227.5016 278.8297 196.6167 283.0159 223.3965 285.7971 297.6441 220.9276 225.7332 298.9649 309.9133 309.2903 306.1344 290.2848 339.7204 307.8262 316.7412 319.0016 226.0205 305.4996 296.0574 337.0846 339.2418 333.7395 323.871 352.5164 354.683 350.9536 236.606 355.9831 355.0282 347.5068 319.9906 317.402 351.5921 361.913 245.3717 304.4553 314.401 360.2725
55.30769 134.5227 62.06401 44.85175 59.39768 57.91918 33.45698 61.21849 21.5488 60.77623 67.88953 17.52992 154.7212 72.60764 72.74311 0 66.7149 23.42602 20.76514 10.1823 13.15433 13.37451 53.34218 47.81998 58.68346 59.80241 34.65047 84.57196 180.0152 101.7936 167.644 165.9983 127.45 129.0791 139.6245 146.8595 149.2032 212.7501 157.8578 160.4142 153.9491 161.5823 222.305 227.1575 261.7303 212.3889 286.8309 176.6786 181.2718 273.9324 181.892 178.0441 185.0495 192.9655 229.0212 197.5837 233.4426 196.3346 236.4736 245.9774 196.8526 199.27 247.5575 256.7351 256.6759 255.5333 243.2798 284.2316 257.538 264.8559 266.7384 210.496 256.7108 251.7679 285.4708 287.5024 283.6 276.1632 299.7627 301.4696 298.6867 240.0481 302.9847 302.5704 296.4127 274.6777 272.9852 301.1509 309.8708 250.0644 266.621 275.258 311.2726
101.8779 172.6663 116.4994 76.10702 53.28331 39.05054 60.20059 25.38591 72.15108 21.32552 17.36216 74.42856 221.2985 9.571369 6.437736 66.7149 0 43.34904 46.01479 71.09344 74.76482 72.99315 25.64973 27.60032 28.16744 31.78945 64.83141 141.9487 241.5177 80.82148 228.1931 226.1505 110.7389 114.9454 117.9383 132.7374 133.6704 267.7513 140.1146 141.8924 157.3746 165.2937 272.2078 277.8707 316.3862 258.8084 336.3105 204.9677 210.843 327.8943 179.597 187.8469 184.6396 222.1676 272.8469 193.5255 277.0465 218.4707 279.8406 291.6004 216.1738 220.8496 292.9325 303.818 303.2166 300.14 284.4334 333.5529 301.8462 310.701 312.9475 221.8356 299.5821 290.3379 331.0671 333.2203 327.7827 318.0157 346.4598 348.6088 344.9163 233.8835 349.9182 348.9849 341.5169 314.2442 311.6966 345.6324 355.8901 242.7825 299.0749 308.9619 354.3817
68.93012 144.4289 79.85838 49.45733 48.96285 42.34416 32.67049 41.3686 34.24852 39.98785 46.19915 34.27382 178.1435 49.65576 49.45733 23.42602 43.34904 0 2.666667 28.32009 32.10443 30.64537 31.85989 26.3697 37.89883 39.85477 33.95135 102.702 200.659 88.25925 187.812 185.9757 116.3502 118.8726 127.3081 137.1614 139.0984 230.5458 147.2267 149.584 150.5059 158.4001 237.9475 243.1612 279.504 226.5216 302.5012 183.1075 188.2667 291.4383 176.9244 177.382 180.7955 199.9392 242.1618 192.2272 246.5137 200.5801 249.4621 259.9321 200.0234 203.3332 261.4167 271.3303 271.048 269.1098 255.4006 299.8302 271.0007 278.972 281.0095 210.8233 269.5868 262.891 299.5525 301.6395 297.1044 288.7046 314.3309 316.2215 313.0627 234.4263 317.6571 317.0316 310.3278 286.3 284.2605 314.8291 324.1913 244.144 275.404 284.5711 324.4302
67.2328 142.9996 77.78335 48.54122 49.86231 43.90046 32.06634 43.54595 32.31486 42.29953 48.65439 32.03514 175.4852 52.28049 52.11766 20.76514 46.01479 2.666667 0 25.77305 29.56772 28.16667 34.09348 28.57009 40.02512 41.84047 33.04921 100.4353 198.2076 89.44971 185.4017 183.5824 117.2785 119.6923 128.4066 137.9433 139.933 228.3687 148.1355 150.5199 150.5531 158.4259 235.9857 241.1644 277.3375 224.7093 300.5497 182.0803 187.1824 289.3 177.177 177.1362 180.9675 198.8649 240.4563 192.5374 244.8168 199.803 247.7746 258.1477 199.3646 202.578 259.6425 269.4828 269.2234 267.3668 253.805 297.8856 269.2698 277.1755 279.1975 210.4899 267.9165 261.4025 297.7637 299.8454 295.375 287.0739 312.4945 314.3664 311.2459 234.7923 315.8105 315.2067 308.5583 284.7653 282.7618 313.0851 322.3821 244.5496 274.1683 283.2812 322.7422
62.98016 124.3493 67.57588 54.74486 69.11223 66.70832 43.61766 68.67678 30.94673 67.78274 74.38078 26.07681 152.0253 77.87811 77.35955 10.1823 71.09344 28.32009 25.77305 0 3.807887 3.205897 54.38188 49.07647 58.97338 59.45271 27.6134 75.70007 172.5587 96.96649 159.8793 158.121 121.3446 122.6234 133.9198 140.1081 142.5851 203.9179 151.3893 154.0081 145.3221 152.8695 212.8579 217.7992 252.912 202.6388 277.416 166.5548 171.1213 265.0269 173.5593 168.7676 176.529 182.8127 219.1312 189.3139 223.5453 186.3558 226.5668 236.2128 186.9826 189.3062 237.7783 247.0855 246.9858 245.7138 233.2772 274.7993 247.7024 255.1245 257.034 201.0006 246.7965 241.6826 275.7399 277.7814 273.7783 266.2144 290.1216 291.8638 289.0103 231.7691 293.3641 292.9104 286.6575 264.6365 262.9154 291.3597 300.1874 241.8496 256.442 265.0896 301.4088
63.56099 121.5685 67.1193 56.89025 72.47068 70.35979 46.52956 72.47068 32.81463 71.58911 78.18568 27.54088 148.7924 81.62414 81.04937 13.15433 74.76482 32.10443 29.56772 3.807887 0 2.403701 57.58533 52.34501 62.00129 62.33077 28.42534 72.00694 168.7513 98.29039 156.0787 154.3251 122.0656 123.1747 134.8073 140.49 143.0315 200.2324 151.9009 154.5477 144.5856 152.0656 209.3466 214.2545 249.2257 199.2787 273.8939 164.2011 168.6802 261.3585 173.0051 167.5052 175.8465 180.3607 215.8726 188.7923 220.293 184.296 223.3226 232.8626 185.0838 187.2696 234.4376 243.6683 243.5908 242.401 230.1288 271.2839 244.4013 251.7538 253.6474 199.5226 243.559 238.6483 272.3692 274.4048 270.4674 263.009 286.7007 288.425 285.6083 231.224 289.9328 289.4996 283.302 261.5358 259.8557 288.0278 296.7895 241.3426 253.6927 262.2689 298.1296
65.32313 121.1498 69.25396 57.79514 72.27109 69.69178 46.81999 71.36137 33.88477 70.36176 76.82086 28.83767 150.9811 79.99757 79.30602 13.37451 72.99315 30.64537 28.16667 3.205897 2.403701 0 55.41988 50.21731 59.75788 60.03807 26.13639 72.81102 170.0435 95.93806 157.2772 155.4864 119.8295 120.9812 132.5347 138.3446 140.8679 201.0044 149.7201 152.3596 142.8523 150.3636 209.7835 214.7466 249.9983 199.4938 274.347 163.4251 167.9726 262.0891 171.1943 166.0315 174.0913 179.662 215.957 186.9687 220.3696 183.307 223.3893 233.0639 183.9867 186.2647 234.6262 243.9618 243.853 242.5531 230.0834 271.7262 244.5386 251.9824 253.8978 198.1692 243.6174 238.4787 272.5976 274.6412 270.6169 263.029 286.999 288.7492 285.8797 229.4119 290.2461 289.7834 283.5097 261.4373 259.7129 288.2044 297.0552 239.5148 253.2465 261.8882 298.2388
100.024 147.0626 111.6654 77.92436 65.42364 53.05681 60.59761 43.08002 65.96471 39.33166 39.87113 66.1151 206.3755 35.17524 31.51734 53.34218 25.64973 31.85989 34.09348 54.38188 57.58533 55.41988 0 5.549551 6.490081 9.663181 41.2275 119.3561 219.4586 62.66852 205.7967 203.6097 92.42529 95.92742 101.6343 114.2097 115.6188 243.5482 122.9493 125.0341 134.8294 142.8031 247.1677 252.9195 291.9875 233.4541 311.1199 179.5699 185.3882 303.3427 158.6218 164.4818 163.2813 196.7598 247.313 173.1507 251.4986 193.6245 254.2802 266.1447 191.6305 196.0721 267.4602 278.4501 277.8092 274.6189 258.8042 308.3493 276.3092 285.2397 287.5073 198.4744 273.9898 264.6893 305.5741 307.7326 302.2227 292.3885 321.0229 323.2009 319.4503 214.4336 324.4947 323.5275 315.9906 288.5945 286.0494 320.0751 330.404 223.7037 273.6077 283.4436 328.7725
94.76286 145.3884 106.2121 73.09241 62.28965 50.56184 55.75841 41.76123 60.53759 38.27532 39.96248 60.60116 201.1005 36.83069 33.83785 47.81998 27.60032 26.3697 28.57009 49.07647 52.34501 50.21731 5.549551 0 11.6 14.07569 37.57659 115.434 215.4182 66.21933 201.8594 199.7204 95.70789 98.99495 105.3613 117.3376 118.8697 240.3934 126.3984 128.5496 136.4734 144.4542 244.6099 250.2818 288.9532 231.2488 308.7129 179.0475 184.762 300.4068 160.8582 165.6563 165.3663 196.2091 245.416 175.5717 249.6337 193.7447 252.446 264.0928 192.0104 196.2525 265.4374 276.2612 275.6783 272.6908 257.2105 305.9565 274.4157 283.196 285.4277 199.6077 272.2444 263.3724 303.5869 305.7352 300.3822 290.7793 318.9362 321.0685 317.4126 217.0943 322.3864 321.4747 314.0701 287.2159 284.7543 318.2263 328.4022 226.4647 272.9176 282.6464 327.0799
106.3549 145.7881 117.7572 84.4077 71.4658 58.79677 67.07876 48.13481 72.11103 44.2398 43.84929 72.05179 210.6888 37.69695 33.36405 58.68346 28.16744 37.89883 40.02512 58.97338 62.00129 59.75788 6.490081 11.6 0 3.805916 43.14812 121.1724 221.3422 56.65651 207.5255 205.2647 86.53416 90.17405 95.47544 108.3968 109.7258 244.0892 116.9315 118.9771 130.1367 138.095 246.8971 252.7504 292.336 232.7388 310.6223 176.9377 182.8627 303.551 153.4179 160.1742 158.1941 194.1416 246.2055 167.7964 250.3493 190.306 253.092 265.2176 188.0536 192.6907 266.4965 277.6883 276.9748 273.5347 257.3243 307.8344 275.1817 284.2931 286.6042 194.1778 272.6836 262.8816 304.5488 306.719 301.0188 290.9106 320.1151 322.3494 318.4822 208.8877 323.6127 322.5768 314.8793 286.8469 284.2062 318.8745 329.3876 218.0853 271.0914 281.0401 327.3802
108.6238 142.8092 119.6187 87.16722 75.02083 62.47099 69.83284 51.92422 74.09943 48.03775 47.63009 73.76059 210.7507 41.28105 36.81881 59.80241 31.78945 39.85477 41.84047 59.45271 62.33077 60.03807 9.663181 14.07569 3.805916 0 41.96576 119.6646 219.8082 53.06246 205.9106 203.6102 82.88622 86.47615 91.98166 104.7206 106.0807 241.8525 113.3469 115.415 126.3354 134.2928 244.2911 250.1872 289.9985 229.9503 307.9099 173.4996 179.4537 301.1472 149.6239 156.4005 154.3928 190.7043 243.2604 164.0184 247.3876 186.6939 250.1152 262.3388 184.3885 189.0649 263.6032 274.8729 274.1307 270.594 254.2403 305.1152 272.2244 281.4038 283.7316 190.4038 269.6602 259.6837 301.6266 303.8011 298.0297 287.823 317.2366 319.4928 315.5805 205.1424 320.7439 319.6813 311.9233 283.6664 280.994 315.8847 326.4661 214.3563 267.6735 277.6538 324.3195
89.88882 111.2834 95.18929 77.69492 82.8734 75.85842 63.12686 72.47068 55.8856 70.0928 74.33034 52.17758 171.0848 73.63763 71.19691 34.65047 64.83141 33.95135 33.04921 27.6134 28.42534 26.13639 41.2275 37.57659 43.14812 41.96576 0 78.16009 178.3059 70.03571 164.5901 162.3892 93.74433 95.01579 106.4002 112.5586 115.0043 202.9212 123.787 126.4002 119.8207 127.5506 207.8702 213.4034 251.5639 195.2434 272.1946 149.1643 154.3535 263.1088 147.4523 145.0862 150.7647 166.0181 210.1547 163.0941 214.4505 166.7603 217.3407 228.3966 166.3971 169.5428 229.8108 240.2254 239.7759 237.2936 222.7942 269.4672 239.1067 247.4914 249.6337 178.1327 237.3457 229.8282 267.9944 270.1148 265.1728 256.2399 283.0871 285.1123 281.6809 205.5486 286.4839 285.7026 278.6324 253.4028 251.223 282.97 292.7456 215.5278 241.6609 250.9283 292.2383
114.3897 68.45461 105.9906 121.3693 143.5584 142.3534 116.0431 143.9618 98.51802 142.6885 148.6069 92.38236 112.4342 150.1283 148.3846 84.57196 141.9487 102.702 100.4353 75.70007 72.00694 72.81102 119.3561 115.434 121.1724 119.6646 78.16009 0 100.1699 128.6546 86.44202 84.28671 138.7984 136.8539 152.6106 148.7563 152.1217 128.2264 161.1197 163.9817 131.6435 136.8377 138.5388 143.0874 177.2191 130.5105 202.8413 116.1077 118.423 189.3733 160.3034 141.5238 160.4151 129.1395 148.4857 175.3416 152.9575 140.8119 156.0833 163.9817 144.8068 144.0626 165.6804 173.8484 174.0532 173.9864 164.3358 200.2987 176.1391 182.4966 184.1738 166.6741 176.2385 174.631 203.0271 204.9805 201.9231 196.0208 216.701 218.2155 215.8358 214.5951 219.8045 219.611 214.1145 196.1734 195.1666 219.1278 227.0352 224.9361 194.3734 201.5589 229.894
191.7316 114.601 176.8276 207.9002 235.8495 237.391 207.5476 241.1079 188.7501 240.3373 246.8562 183.0096 92.75788 249.3562 247.9516 180.0152 241.5177 200.659 198.2076 172.5587 168.7513 170.0435 219.4586 215.4182 221.3422 219.8082 178.3059 100.1699 0 223.0022 14.72715 17.75528 226.1349 222.7667 239.0397 229.8603 233.3345 54.14795 241.3301 244.0082 199.4492 201.3944 82.49242 82.02439 94.15207 92.02717 132.3636 144.4611 141.7674 107.1226 222.6995 193.6311 220.0659 146.3728 110.8603 234.5009 114.2366 168.5052 116.9273 114.4378 176.5814 171.2577 116.4302 116.5686 118.5095 124.7568 129.272 130.6643 127.2517 127.063 127.1928 204.155 131.856 143.8402 144.0069 145.2481 147.2618 149.4634 152.259 152.3155 152.8412 264.8345 154.2595 155.541 154.5736 156.1602 157.8354 160.5148 163.0245 274.2066 174.2441 176.1136 173.3385
155.9263 123.9662 163.8353 137.6318 128.082 115.4145 120.5404 104.1201 120.6491 100.08 98.0816 118.5854 235.2963 89.1207 83.72574 101.7936 80.82148 88.25925 89.44971 96.96649 98.29039 95.93806 62.66852 66.21933 56.65651 53.06246 70.03571 128.6546 223.0022 0 208.3336 205.5097 30.01666 34.1321 39.21734 52.00427 53.15073 233.1051 60.28451 62.36986 80.06248 87.63196 228.8165 235.3763 278.4722 211.2936 289.2104 141.4956 148.054 288.2573 99.4232 112.0045 104.8094 158.1423 221.0701 112.9025 224.7576 148.822 227.1079 241.1182 144.6271 150.6473 242.062 254.6944 253.39 247.9461 228.8324 286.3263 249.2007 259.6247 262.2518 145.3487 245.2835 231.6031 278.862 281.0925 273.9287 261.7657 295.1446 297.8087 293.0411 153.0666 298.8009 297.2154 288.321 255.6013 252.2419 291.5287 303.3892 162.0193 234.062 244.7243 298.3643
182.2651 100.588 168.0701 197.1989 224.2957 225.2955 196.0193 228.5386 177.3246 227.6376 233.9976 171.48 94.12793 236.1766 234.6307 167.644 228.1931 187.812 185.4017 159.8793 156.0787 157.2772 205.7967 201.8594 207.5255 205.9106 164.5901 86.44202 14.72715 208.3336 0 3.28718 211.4251 208.075 224.3499 215.2915 218.7675 55.87685 226.8083 229.497 185.3345 187.4587 80.86546 81.6551 100.5757 87.02809 135.9897 132.4055 130.1085 113.5377 209.0017 180.4159 206.5282 135.4372 106.6344 221.0726 110.358 156.9805 113.2353 112.7633 164.8046 159.8266 114.7616 116.6696 118.2767 123.347 125.2363 134.0484 125.8434 127.0455 127.5208 192.2051 129.6671 139.4664 145.1627 146.5852 147.5412 148.1364 154.7784 155.1716 155.0412 252.2328 157.0633 158.0271 156.036 153.7278 154.948 161.8741 165.6076 261.7317 168.8053 171.5524 174.4567
181.5551 97.32007 167.5746 196.1052 222.9131 223.7258 194.6567 226.7956 176.0064 225.8456 232.1427 170.1301 96.0554 234.1928 232.5882 165.9983 226.1505 185.9757 183.5824 158.121 154.3251 155.4864 203.6097 199.7204 205.2647 203.6102 162.3892 84.28671 17.75528 205.5097 3.28718 0 208.3897 205.0128 221.2854 212.1431 215.6183 55.34663 223.6406 226.3255 182.0803 184.188 79.45596 80.50621 100.8828 84.92497 135.572 129.1869 126.9262 113.8112 205.719 177.1306 203.2419 132.3301 104.6339 217.7855 108.417 153.8059 111.325 111.2531 161.6052 156.6607 113.2486 115.5184 117.0523 121.8708 123.2416 133.5792 124.3634 125.8501 126.3972 188.9881 128.0244 137.3909 144.1882 145.6477 146.378 146.6419 154.0878 154.555 154.2801 248.9687 156.4329 157.3253 155.1137 152.0074 153.138 160.9231 164.9189 258.4744 166.512 169.4144 173.4416
182.4829 118.2912 188.9047 165.7905 157.8354 145.3289 148.9463 134.1343 147.4069 130.0961 128.0352 144.736 249.6127 118.8802 113.4416 127.45 110.7389 116.3502 117.2785 121.3446 122.0656 119.8295 92.42529 95.70789 86.53416 82.88622 93.74433 138.7984 226.1349 30.01666 211.4251 208.3897 0 5.656854 13.89244 22.00253 23.19483 229.1572 30.88509 33.24154 55.9017 62.63089 220.9661 227.7828 272.0477 201.9208 278.3968 125.706 132.4122 280.8883 70.89974 87.9659 76.6942 141.3153 209.2869 83.59585 212.6241 128.5496 214.6928 229.5321 123.1097 129.9282 230.2629 243.5041 241.8812 235.3683 214.8936 275.4977 236.3726 247.3863 250.154 119.9552 231.6916 215.9468 265.7536 267.9888 260.0798 246.8939 282.2363 285.1123 279.8907 123.1756 285.9388 284.0599 274.5906 239.5851 235.8495 277.3085 289.7999 132.0464 214.8953 225.8429 283.11
184.2715 113.9678 190.192 168.2335 161.2452 148.9446 151.5289 138.0145 149.3372 134.0037 132.1855 146.4667 248.1753 123.2416 117.8346 129.0791 114.9454 118.8726 119.6923 122.6234 123.1747 120.9812 95.92742 98.99495 90.17405 86.47615 95.01579 136.8539 222.7667 34.1321 208.075 205.0128 5.656854 0 16.27882 18.36966 20.24846 224.8044 28.78464 31.38471 50.24938 57.01194 216.1712 223.009 267.3657 196.9873 273.2732 120.3079 127.0157 276.0983 65.82988 82.32861 71.51224 135.8308 204.1201 78.8759 207.4247 122.9187 209.4684 224.368 117.4564 124.2861 225.08 238.3658 236.7161 230.1179 209.5501 270.3741 231.1017 242.157 244.9347 114.4083 226.3647 210.4875 260.4477 262.6823 254.7219 241.4717 276.9392 279.8303 274.5762 118.9683 280.6439 278.7436 269.236 234.0961 230.3411 271.9191 284.4503 128.001 209.2749 220.2294 277.6531
194.3631 129.7888 201.3753 176.7385 166.9281 153.9756 159.6997 142.1443 159.1559 138.0507 135.2997 156.7498 263.5044 125.5249 120.0167 139.6245 117.9383 127.3081 128.4066 133.9198 134.8073 132.5347 101.6343 105.3613 95.47544 91.98166 106.4002 152.6106 239.0397 39.21734 224.3499 221.2854 13.89244 16.27882 0 19.41935 18.35756 240.5327 22.45489 24 60.46487 66.1077 231.225 238.1008 282.6097 211.7475 287.4468 133.5403 140.2355 291.1344 69.70561 91.4385 76.00658 148.4756 218.1972 80.48678 221.382 133.9627 223.3294 238.4366 127.8006 135.0472 239.0816 252.5119 250.7718 243.857 222.8929 284.5494 244.755 255.9707 258.7856 121.6439 239.7707 223.1636 273.9233 276.1539 267.9499 254.3516 290.4442 293.4007 288.0031 117.6772 294.1564 292.1592 282.4695 246.5319 242.6273 284.9649 297.6995 125.9573 220.293 231.3525 290.2796
202.1289 117.8066 207.5984 186.4786 179.5665 167.1893 169.8267 156.1029 167.318 152.0716 150.037 164.3075 260.9204 140.8437 135.3949 146.8595 132.7374 137.1614 137.9433 140.1081 140.49 138.3446 114.2097 117.3376 108.3968 104.7206 112.5586 148.7563 229.8603 52.00427 215.2915 212.1431 22.00253 18.36966 19.41935 0 3.480102 227.6689 12.40072 15.26798 42.18741 47.21282 216.6167 223.5556 268.3129 196.6285 271.2766 116.6881 123.3333 276.3766 50.57618 72.36098 56.76951 131.0017 202.0176 62.21771 205.0409 115.4778 206.865 222.2036 109.0143 116.4205 222.761 236.3564 234.5001 227.2099 205.856 268.3853 228.009 239.3911 242.246 102.2286 222.7684 205.5248 256.9444 259.1681 250.7318 236.8368 273.4766 276.4991 270.9576 101.2115 277.1927 275.0978 265.2397 228.6754 224.6682 267.5595 280.4689 110.0456 201.6336 212.7309 272.521
204.4358 121.2159 210.1166 188.4741 181.0249 168.5185 171.7469 157.2578 169.5465 153.209 151 166.6208 264.247 141.6492 136.18 149.2032 133.6704 139.0984 139.933 142.5851 143.0315 140.8679 115.6188 118.8697 109.7258 106.0807 115.0043 152.1217 233.3345 53.15073 218.7675 215.6183 23.19483 20.24846 18.35756 3.480102 0 231 9.195409 12.04159 44.77723 49.45733 219.7908 226.7355 271.5128 199.7448 274.2172 119.5492 126.1784 279.5233 51.35828 74.4043 57.68882 133.7012 204.9707 62.31929 207.9639 117.8346 209.7642 225.1422 111.2205 118.7081 225.6834 239.3058 237.4289 230.0679 208.6342 271.3274 230.8463 242.2602 245.1224 103.6931 225.5504 208.1466 259.7249 261.9466 253.4564 239.4864 276.2568 279.2938 273.7203 100.5401 279.9732 277.8561 267.959 231.225 227.1849 270.2332 283.1855 109.1936 203.8676 214.9814 275.0932
234.4376 110.8659 221.3594 246.8451 271.3982 270.5781 243.5077 271.9062 225.3517 270.4404 275.9746 219.2955 146.9057 276.457 274.1168 212.7501 267.7513 230.5458 228.3687 203.9179 200.2324 201.0044 243.5482 240.3934 244.0892 241.8525 202.9212 128.2264 54.14795 233.1051 55.87685 55.34663 229.1572 224.8044 240.5327 227.6689 231 0 237.751 240.1333 190.8507 190.6343 30.8707 28.63564 48.99427 47.38143 80.23944 122.4132 117.652 61.24745 208.7364 176.5701 204.7071 118.1059 62.43397 217.74 64.88451 141.852 67.08204 61.61169 150.8807 143.9605 63.56099 62.5 64.54843 71.51398 79.60685 78.23273 73.97973 73 73.06162 178.2505 79.30952 94.37161 89.94443 91.24144 93.12265 95.95173 98.94348 99.29753 99.28634 241.193 101.1929 102.2008 100.6231 103.5857 105.7733 106.5317 109.7679 249.5621 126.1784 126.3171 119.2906
213.0303 128.5644 218.9495 196.6589 188.3664 175.6456 179.8302 164.083 178.0532 160.0069 157.4745 175.2333 273.311 147.8334 142.3337 157.8578 140.1146 147.2267 148.1355 151.3893 151.9009 149.7201 122.9493 126.3984 116.9315 113.3469 123.787 161.1197 241.3301 60.28451 226.8083 223.6406 30.88509 28.78464 22.45489 12.40072 9.195409 237.751 0 2.867442 49.07364 52.57656 225.709 232.6777 277.5323 205.405 279.0688 124.26 130.8111 285.2808 50.26657 76.57168 56.84384 137.7699 209.9196 59.24655 212.7868 120.7569 214.4891 230.015 113.6745 121.3985 230.4898 244.2133 242.2534 234.612 212.8861 276.1867 235.3081 246.8398 249.7296 103.9285 229.8018 211.8165 263.9461 266.1589 257.4693 243.2301 280.4678 283.5587 277.8653 95.29152 284.1834 281.9821 271.9422 234.6136 230.4609 274.0448 287.1502 103.5075 206.2051 217.3604 278.5309
215.5574 131.1098 221.5762 199.0289 190.4337 177.6415 182.1648 165.9789 180.5486 161.895 159.2545 177.7709 276.1774 149.5209 144.0139 160.4142 141.8924 149.584 150.5199 154.0081 154.5477 152.3596 125.0341 128.5496 118.9771 115.415 126.4002 163.9817 244.0082 62.36986 229.497 226.3255 33.24154 31.38471 24 15.26798 12.04159 240.1333 2.867442 0 50.9902 54.1759 227.8794 234.8531 279.7224 207.5114 280.9449 126.1467 132.6725 287.4009 50.66431 77.82673 57.28001 139.474 211.8348 58.94653 214.6672 122.1556 216.3423 231.9052 114.9478 122.731 232.3618 246.1102 244.128 236.4112 214.6095 278.0654 237.0844 248.6463 251.5432 104.5622 231.5211 213.3776 265.6501 267.86 259.1161 244.804 282.1663 285.2718 279.5457 94.13531 285.8811 283.6565 273.5781 236.089 231.9052 275.632 288.7785 102.1824 207.3861 218.5498 280.0112
208.1466 84.87314 209.9905 197.4652 197.4968 186.8596 182.2745 177.9017 175.4588 174.1551 173.9023 171.2381 243.0454 166.4227 161.3072 153.9491 157.3746 150.5059 150.5531 145.3221 144.5856 142.8523 134.8294 136.4734 130.1367 126.3354 119.8207 131.6435 199.4492 80.06248 185.3345 182.0803 55.9017 50.24938 60.46487 42.18741 44.77723 190.8507 49.07364 50.9902 0 7.98088 177.2823 184.2715 229.1749 156.7195 229.9952 75.18643 81.7435 236.6205 29.35767 32.20248 31.32092 88.95504 160.854 45.10758 163.7132 73.4983 165.4207 180.942 67.47592 74.60399 181.4166 195.1416 193.18 185.5808 163.9733 227.1131 186.3035 197.8004 200.6838 65.29357 180.8922 163.3707 215.0581 217.2763 208.7184 194.7097 231.5876 234.6487 229.025 87.04947 235.3041 233.1545 223.2151 186.4886 182.4829 225.4617 238.4387 97.32035 159.8405 170.8918 230.3394
215.6196 86.87657 217.1972 205.2235 205.4581 194.8386 190.1069 185.8769 183.1078 182.1271 181.8484 178.8277 247.6451 174.3214 169.1913 161.5823 165.2937 158.4001 158.4259 152.8695 152.0656 150.3636 142.8031 144.4542 138.095 134.2928 127.5506 136.8377 201.3944 87.63196 187.4587 184.188 62.63089 57.01194 66.1077 47.21282 49.45733 190.6343 52.57656 54.1759 7.98088 0 175.8792 182.8787 227.7701 155.0293 227.1264 72.57291 78.96093 234.8526 23.46651 25.43281 24.31243 85.34027 158.205 38.75623 160.9009 68.4078 162.4852 178.1605 61.80152 69.25077 178.5541 192.3803 190.3221 182.4033 160.4815 224.2562 183.0307 194.651 197.5632 57.766 177.3863 159.2399 211.4988 213.7064 204.9404 190.6551 228.0101 231.127 225.3789 80.09046 231.7242 229.487 219.4024 182.0763 177.9587 221.4738 234.6037 90.41761 154.43 165.5354 225.9859
250.06 104.8929 238.4722 259.7085 281.6558 279.3215 254.4661 279.1165 237.0561 277.2382 282.0727 230.921 174.4984 281.3014 278.4259 222.305 272.2078 237.9475 235.9857 212.8579 209.3466 209.7835 247.1677 244.6099 246.8971 244.2911 207.8702 138.5388 82.49242 228.8165 80.86546 79.45596 220.9661 216.1712 231.225 216.6167 219.7908 30.8707 225.709 227.8794 177.2823 175.8792 0 7 51.9017 21.58703 64.57727 104.3072 98.61541 59.92704 191.7479 158.8081 187.0722 96.54015 32.01562 199.0757 34.1321 120.0708 36.23534 32.01562 129.2826 121.7429 34.0147 36.86801 37.98026 42.51176 48.74679 61.9432 45.01111 46.84015 47.75982 155.7442 49.36598 63.50591 66.30988 68.02941 67.38731 67.30755 78.59906 79.88116 78.06052 218.6905 81.5414 81.63333 77.47258 73.68175 75.50497 83.00602 89.1852 226.4801 95.38344 95.46203 95.02763
253.7972 111.4169 241.8677 264.0123 286.4489 284.3633 259.1139 284.3959 241.5521 282.5774 287.517 235.4241 174.5615 286.919 284.1127 227.1575 277.8707 243.1612 241.1644 217.7992 214.2545 214.7466 252.9195 250.2818 252.7504 250.1872 213.4034 143.0874 82.02439 235.3763 81.6551 80.50621 227.7828 223.009 238.1008 223.5556 226.7355 28.63564 232.6777 234.8531 184.2715 182.8787 7 0 44.90671 28.44293 59.75523 111.2879 105.5746 53.11544 198.7251 165.7739 194.0335 103.3683 36.79674 205.9954 38.28838 126.8464 40 32.98485 136.0625 128.4769 34.9285 35.01785 36.66742 42.92144 52.28049 57.23251 45.39824 45.39824 45.89118 162.4107 50.69517 66.88797 63.89053 65.45991 65.88748 67.49301 75.13862 76.15773 74.87174 225.3133 77.89737 78.26238 74.94665 74.95332 77.20104 80.65358 85.86617 233.0306 99.0202 98.38699 93.01747
282.1197 154.7039 268.4255 295.3563 320.3029 319.5688 292.3567 320.869 274.1182 319.376 324.8502 268.082 183.2508 325.1657 322.7306 261.7303 316.3862 279.504 277.3375 252.912 249.2257 249.9983 291.9875 288.9532 292.336 289.9985 251.5639 177.2191 94.15207 278.4722 100.5757 100.8828 272.0477 267.3657 282.6097 268.3129 271.5128 48.99427 277.5323 279.7224 229.1749 227.7701 51.9017 44.90671 0 72.93865 43.52098 155.9918 150.1501 12.99304 243.3682 210.3477 238.5628 147.258 75.51334 250.2403 74.96784 170.3858 75.18964 60.8741 179.5958 171.7937 61.88983 50.77822 53.9789 65.13125 84.81408 42.97702 66.72106 58.09329 56.13032 205.2469 74.661 97.07373 64.58163 64.73528 71.78575 82.46523 65.7468 64.54055 67.54418 267.7366 66.52952 68.88462 72.25351 94.30572 98.3901 78.01702 75.48714 275.0128 127.9234 123.7891 90.7265
244.1803 88.16856 233.8568 251.7231 271.7425 268.4446 245.204 267.2901 228.4452 265.1735 269.5645 222.3117 180.9462 268.0718 264.9094 212.3889 258.8084 226.5216 224.7093 202.6388 199.2787 199.4938 233.4541 231.2488 232.7388 229.9503 195.2434 130.5105 92.02717 211.2936 87.02809 84.92497 201.9208 196.9873 211.7475 196.6285 199.7448 47.38143 205.405 207.5114 156.7195 155.0293 21.58703 28.44293 72.93865 0 78.30652 83.0542 77.23341 79.9015 170.4394 137.4409 165.6804 74.95332 20.02498 177.5652 24.18677 98.49365 27.29469 33.6006 107.7033 100.1893 35.22783 45.01389 44.54773 43.47701 38.51298 75.45966 45.65085 52.49762 54.48853 134.2432 46.48656 52.46904 73.10951 75.16648 71.4403 66.29818 87.85962 89.87213 86.54158 197.2259 91.24144 90.52072 84.02381 68.88396 69.26038 88.81441 97.67292 205.1006 82.21922 84.5281 99.38435
313.0557 166.4725 300.6746 323.7169 346.1543 343.8983 318.8613 343.6376 301.3051 341.7229 346.4675 295.1778 223.9255 345.4745 342.4829 286.8309 336.3105 302.5012 300.5497 277.416 273.8939 274.347 311.1199 308.7129 310.6223 307.9099 272.1946 202.8413 132.3636 289.2104 135.9897 135.572 278.3968 273.2732 287.4468 271.2766 274.2172 80.23944 279.0688 280.9449 229.9952 227.1264 64.57727 59.75523 43.52098 78.30652 0 154.8087 148.2731 34.23101 239.2181 206.3707 233.6644 142.1952 69.27171 243.4658 66.28224 162.926 64.64313 49.07509 171.7432 163.5415 48.5839 34.9368 36.81686 45.39251 68.34033 2.899148 45.32404 33.32404 30.32404 194.3557 52.4773 75.28776 25.87108 25.00064 34.85967 49.87009 22.28606 21.04938 24.35581 254.2885 23.04576 25.37877 30.18652 62.90332 67.83866 35.48688 32.03507 260.3263 100.7669 93.76864 47.70841
222.6432 47.65341 218.1857 221.0713 231.9353 224.7944 209.6879 219.7134 196.8969 216.6956 219.0091 191.2812 211.0031 214.5379 210.2974 176.6786 204.9677 183.1075 182.0803 166.5548 164.2011 163.4251 179.5699 179.0475 176.9377 173.4996 149.1643 116.1077 144.4611 141.4956 132.4055 129.1869 125.706 120.3079 133.5403 116.6881 119.5492 122.4132 124.26 126.1467 75.18643 72.57291 104.3072 111.2879 155.9918 83.0542 154.8087 0 6.708204 162.5769 87.44411 54.58938 82.8734 17.20465 85.70298 95.42226 88.52683 25.94224 90.24965 105.7592 32.64966 29.1334 106.2309 119.9635 117.9936 110.5226 89.35463 151.9268 111.3283 122.711 125.5747 59.80176 106.2309 90.42677 140.3887 142.6184 134.4575 121.2036 156.9134 159.8906 154.4629 120.8113 160.6269 158.619 148.9765 114.2847 110.8016 151.6113 164.2011 129.9433 94.20191 104.3504 157.5254
