0 35.40894 42.63518 57.11669 60.61592 38.4306 19.60893 15.99653 49.75784 118.7007 63.44395 55.76912 26.78533 50.62633 74.69054 71.92899 69.5544 39.55459 65.79387 60.06877 38.30503 54.87445 76.25585 22.49978 88.65197 62.60588 84.46574 74.40497 88.43856 74.61892 94.80713 94.49256 70.87417 74.62789 72.09531 147.717 71.4628 74.64701 71.90321 74.80888 74.27569 73.80643 104.9733 70.42073 101.7587 108.6241 80.54892 134.3545 154.2126 143.3472 142.2391 136.6193 181.0919 172.1855 196.0434 179.23 200.3507 211.3071 241.6535 205.0884 200.4426 201.5259 207.586 247.2401 206.7054 179.7446 247.3346 183.253 201.2857 191.786 203.4485 194.6252 217.1328 202.2945 204.4605 205.4361 237.2708 222.0063 245.8859 240.1947 239.9369 244.3988 243.1395 241.7827 244.4991 247.6084 259.2313 269.5052 262.5674 265.95 265.0687 259.0457 259.6565 265.9152
35.40894 0 20.12461 37.98026 43.46263 24.04163 39.35734 39.38591 37.65053 140.4518 50.60632 47.03574 53.85165 45.44846 64.5979 62.82117 61.61169 42.93276 59.66574 57.15958 44.51342 56.26919 72.34639 52.39275 86.51015 66.85058 82.807 76.03494 87.38564 78.40918 93.80432 94.48019 78.54935 85.71918 84.09518 180.6699 86.26268 88.76936 87.92042 91.08238 91.39475 91.76056 113.7142 105.5462 112.3321 117.3243 100.1699 143.6941 187.5793 177.3891 176.466 149.3394 216.4001 195.351 231.4487 202.856 235.7522 246.6779 276.4659 240.4969 235.8156 236.8507 242.9874 282.1308 242.077 211.4356 282.5928 215.3787 223.6439 218.1124 226.5855 226.9207 239.3983 232.8605 234.2584 235.9208 272.3711 249.7884 281.1059 275.1818 274.8545 279.5174 277.8011 276.6821 279.2566 282.257 281.854 291.9319 296.6277 299.4454 298.7608 290.6286 290.878 299.3096
42.63518 20.12461 0 18.06931 23.4094 8.062258 53.75872 52.50952 18.25 156.9071 30.52868 27.73736 66.76077 27.41464 44.56331 42.90105 41.86884 29.36362 40.31129 38.76453 32.00694 39.43631 53.03772 51.61395 67.23271 50.15974 63.70243 57.9682 68.30996 60.90156 74.62071 75.48846 62.39391 70.5321 69.37579 177.2648 72.67221 74.73286 74.8131 77.92946 78.63841 79.40403 96.71773 107.6151 96.0026 100.2397 88.27797 126.4002 196.6443 185.4667 184.2261 133.1212 220.9072 183.4475 234.8074 191.1548 239.2073 250.5694 282.7558 243.4785 238.0756 238.6677 245.6703 288.1906 244.2975 206.1553 287.2322 210.5825 211.0367 208.0385 214.4015 222.2521 226.6331 226.2145 226.8612 229.1728 272.8828 240.5748 282.1285 275.2635 274.7071 280.0803 276.9088 276.4706 278.6166 281.3148 269.0639 278.9897 294.328 296.13 295.7786 284.7631 284.6067 295.8315
57.11669 37.98026 18.06931 0 5.700877 18.82817 70.64347 68.96557 10.76162 173.9143 14.30035 16.19756 82.77983 19.95777 28.04857 27.01851 26.76752 29.632 26.65521 27.93607 32.95873 31.90698 38.76209 60.51859 52.6027 41.57523 49.56309 46.25 54.11331 50.08493 60.05206 61.31278 53.78197 62.93074 62.502 179.9273 67.15095 68.51642 69.8033 72.70832 73.88166 75.10326 85.57581 115.9849 85.86617 88.89601 84.15759 114.3788 209.0706 197.2665 195.8092 122.5408 229.8489 177.5852 242.7694 185.4514 247.2238 258.8793 292.8111 251.0942 245.1336 245.3594 253.0337 298.0528 251.2912 206.8248 295.992 211.6707 204.1929 203.9473 208.006 223.3752 219.5243 225.4385 225.3497 228.2792 278.3209 237.1671 287.9601 280.3257 279.5756 285.532 281.1248 281.2766 283.0443 285.4689 261.7405 271.4632 297.2348 298.1165 298.0679 284.4301 283.8882 297.6714
60.61592 43.46263 23.4094 5.700877 0 23 75.00667 73.13857 11.53527 178.1809 8.944272 13.14133 86.70063 18.2363 22.40288 21.50581 21.47091 29.70223 21.84033 24.11944 33.01178 29.10708 33.54102 62.1289 47.21072 38.0526 44.29447 41.65708 48.8083 45.70558 54.64659 55.98369 50.01 59.34176 59.13544 178.817 64.13462 65.27634 66.91039 69.72087 71.02112 72.36712 80.85988 116.9316 81.40332 84.11896 81.3941 109.3846 211.2558 199.2266 197.6898 117.8611 230.7293 174.0029 243.2951 181.9 247.7636 259.5092 294.0338 251.4924 245.3487 245.4511 253.3441 299.2019 251.4781 205.0561 296.7491 210.0214 200.3199 200.8084 204.245 221.7205 215.569 223.2151 222.9125 226.0181 277.9658 234.18 287.7264 279.8464 279.034 285.1754 280.372 280.7134 282.3577 284.6928 257.7005 267.3673 296.0557 296.6523 296.6968 282.28 281.6256 296.1625
38.4306 24.04163 8.062258 18.82817 23 0 52.00961 50.20209 14.21487 155.2186 28.16026 23.25284 63.95311 21.42574 41.668 39.57903 38.07887 21.46056 35.80503 33.12428 24.00231 32.70406 48.41487 44.68781 62.54111 43.41659 58.79626 52.08467 63.366 54.6443 69.8015 70.44625 55.4617 63.28068 61.98387 169.4152 65.025 67.18631 67.08204 70.21396 70.85901 71.56815 90.24256 100.7671 89.22163 93.81365 80.399 120.1083 191.4367 179.958 178.6204 126.3378 214.3478 175.6474 227.9704 183.3317 232.3871 243.836 276.5915 236.5533 231.0087 231.5151 238.6816 281.9601 237.2177 198.154 280.6438 202.608 203.3511 200.0625 206.6519 214.2825 218.9791 218.1605 218.799 221.1167 265.4807 232.5538 274.8063 267.7928 267.2022 272.683 269.2975 268.9554 271.0392 273.6951 261.4255 271.3803 286.5414 288.245 287.9236 276.7255 276.5574 287.9327
19.60893 39.35734 53.75872 70.64347 75.00667 52.00961 0 4.031129 65.17333 103.2782 79.30952 72.44557 14.86607 67.92689 91.62545 89.04212 86.88498 58.01341 83.43261 78.20099 57.16448 73.59725 94.55686 40.22437 107.4076 81.84131 103.2473 93.50301 107.3464 93.94147 113.7772 113.5826 90.42677 94.22727 91.67879 157.7446 90.89692 94.11164 91.21952 94.06912 93.43447 92.84934 124.5774 77.10383 121.3198 128.2264 99.20181 153.9123 149.3352 139.8591 139.1842 155.9367 181.7966 188.9577 197.971 195.78 202.1289 212.4924 239.8537 207.3735 203.5927 205.1664 210.1917 245.6898 209.8434 191.0236 247.4389 194.0232 218.2191 207.0024 220.0773 205.1195 234.0384 214.5251 217.3292 217.7211 242.0434 236.2229 250.045 245.4058 245.3936 249.0642 249.3554 247.2933 250.4407 253.8425 275.8705 286.1927 270.0833 274.4532 273.249 270.0296 271.0074 274.5783
15.99653 39.38591 52.50952 68.96557 73.13857 50.20209 4.031129 0 63.0124 105.0465 77.0795 69.97817 14.53444 65.27107 89.12242 86.48266 84.25705 54.97398 80.70471 75.30603 53.97865 70.48503 91.62014 36.21119 104.304 78.50637 100.1312 90.24169 104.1777 90.56075 110.5825 110.331 86.86915 90.50246 87.92753 154.3613 87.04596 90.2732 87.3284 90.16235 89.50559 88.90022 120.861 74.03546 117.5383 124.504 95.20635 150.1241 148.4933 138.7148 137.9511 152.0345 179.8923 184.9493 195.8603 191.7819 200.0476 210.5238 238.4612 205.2065 201.2741 202.7659 207.9707 244.2517 207.5307 187.5027 245.6874 190.5656 214.2059 203.0893 216.077 201.7009 230.0269 210.901 213.6358 214.0918 239.4749 232.3984 247.5808 242.7679 242.7164 246.5162 246.5605 244.6084 247.6889 251.0463 271.8721 282.1923 267.0978 271.3253 270.1671 266.5675 267.5 271.4277
49.75784 37.65053 18.25 10.76162 11.53527 14.21487 65.17333 63.0124 0 167.969 14.17965 9.49159 76.18112 10.32594 27.45514 25.38331 23.99088 18.88433 22.10345 20.77437 22.21502 22.82801 34.82905 50.61682 49.02502 33.22744 45.45946 39.9703 50.06558 43.18058 56.39426 57.23987 45.59674 54.33391 53.58696 169.209 57.75866 59.38487 60.2583 63.25 64.28112 65.37249 79.0524 105.6436 78.71031 82.51704 74.41816 108.5199 199.7225 187.6947 186.1634 115.736 219.4882 168.6092 232.2441 176.4261 236.7045 248.399 282.6562 240.5206 234.4996 234.6914 242.43 287.8512 240.6493 196.2984 285.5726 201.0959 195.617 194.4147 199.2563 212.8005 211.0681 215.1408 215.1919 218.004 267.5744 227.4633 277.2288 269.5692 268.816 274.7855 270.3649 270.5163 272.2829 274.71 253.3983 263.2125 286.5215 287.4711 287.397 274.0777 273.602 287.0393
118.7007 140.4518 156.9071 173.9143 178.1809 155.2186 103.2782 105.0465 167.969 0 181.9331 174.4554 91.93887 169.3012 193.3805 190.5943 188.1662 157.7038 184.2852 178.2322 155.9346 172.2913 194.0116 128.2857 205.2804 178.2184 201.1005 190.2179 204.6036 189.2833 210.6116 209.7998 183.4505 183.8076 180.8303 176.8836 177.3442 180.6592 176.2255 178.1522 176.6083 175.0793 212.4647 112.4342 207.5812 215.7653 177.5209 238.197 92.75788 94.12793 96.0554 235.3955 146.7021 243.0454 166.2553 247.6451 168.9251 174.5615 183.2508 175.9997 177.3959 181.3185 180.0769 189.7506 182.5989 211.0031 199.652 210.6919 271.0162 248.7211 270.4478 218.6536 285.4953 236.9219 243.2316 240.0758 219.3061 268.7036 223.147 224.6607 225.98 224.9835 233.6552 227.9669 233.1267 237.7786 322.7339 332.9039 259.5829 269.1529 266.2158 279.5754 282.6827 270.1805
63.44395 50.60632 30.52868 14.30035 8.944272 28.16026 79.30952 77.0795 14.17965 181.9331 0 8.833333 90.04999 15.05199 14.0673 12.74755 12.52996 28.03965 13.15295 16.67987 31.09841 22.96132 24.59675 61.7414 38.31758 30.59412 35.35534 33.00473 39.87794 37.21559 45.76298 47.06209 42.10701 51.57626 51.62364 173.7238 57.00219 57.87055 59.90826 62.58594 64.03124 65.52099 72.06053 115 72.76331 75.28612 74.46476 100.4639 211.0853 198.6971 197.0311 109.0653 228.4294 166.0271 240.4423 173.9491 244.9274 256.7976 292.2082 248.4414 242.0331 241.9551 250.1611 297.2571 248.1154 199.0779 294.201 204.1886 192.071 193.2563 196.0918 215.8703 207.2465 216.6679 216.1157 219.4243 273.8047 226.7692 283.7296 275.5104 274.6125 281.0071 275.6601 276.2607 277.7347 279.9464 249.3012 258.9233 290.7662 290.9944 291.158 275.7861 275 290.4484
55.76912 47.03574 27.73736 16.19756 13.14133 23.25284 72.44557 69.97817 9.49159 174.4554 8.833333 0 82.51683 6.218811 19.18695 16.7141 14.91178 19.23033 12.63703 11.89128 22.26669 15.9835 25.35142 52.98454 39.5443 25.3777 35.96796 30.82624 40.57435 34.31755 46.90534 47.75116 37.60356 46.73358 46.33603 165.99 51.13001 52.39301 53.8581 56.70709 57.96 59.2708 70.10003 106.2028 70.05494 73.51209 68.30833 99.36311 202.2936 189.8784 188.2059 106.9382 219.6968 161.3961 231.8182 169.2668 236.3 248.1438 283.4182 239.8667 233.5309 233.5086 241.6219 288.4804 239.6281 191.9706 285.517 196.9662 188.0057 187.8937 191.809 208.6625 203.3516 210.0739 209.7817 212.8769 265.61 221.1944 275.4681 267.393 266.5346 272.8162 267.7264 268.1977 269.7555 272.0313 245.5882 255.3294 283.1684 283.6473 283.7264 269.14 268.4847 283.1424
26.78533 53.85165 66.76077 82.77983 86.70063 63.95311 14.86607 14.53444 76.18112 91.93887 90.04999 82.51683 0 77.41164 101.4736 98.71423 96.33276 66.14546 92.54188 86.70393 64.65378 81.20482 102.7716 41.04875 114.8002 88.23265 110.6029 100.1914 114.4214 99.95999 120.6866 120.195 95.34149 97.78093 95.01579 147.5954 93.19469 96.51943 93.00538 95.60335 94.64143 93.723 127.9739 66.0303 124.1149 131.5485 99.00505 156.4736 134.4693 125.0502 124.4116 157.1122 167.5739 184.7647 184.0285 191.2587 188.1394 198.3381 225.1469 193.5151 190.0026 191.7348 196.4219 231.0104 196.2377 181.5406 233.0189 184.1738 214.1209 200.8606 215.5574 195.041 229.8462 205.6502 208.9521 208.8767 228.9498 228.9678 236.7161 232.4758 232.5618 235.9195 236.8364 234.4803 237.8015 241.3234 271.2005 281.5639 258.1317 263.0033 261.6295 260.0942 261.3236 263.2152
50.62633 45.44846 27.41464 19.95777 18.2363 21.42574 67.92689 65.27107 10.32594 169.3012 15.05199 6.218811 77.41164 0 24.08564 21.30288 18.98848 13.0557 15.57442 11.7217 16.05222 12.50805 27.56923 46.84616 41.47603 23.01223 37.60402 30.70016 42.12852 33.48974 48.61134 49.137 35.37036 44.02091 43.26156 160.5847 47.50066 49.07711 50.0506 53.01474 54.09771 55.25 69.30788 100.0078 68.71181 72.82556 64.30445 98.99779 196.1124 183.6744 181.9961 105.802 213.5452 158.3005 225.7439 166.1236 230.2231 242.0476 277.2261 233.8276 227.5446 227.5628 235.6083 282.2972 233.6521 187.0202 279.3985 191.9285 185.2914 184.2324 188.9327 203.6309 200.7455 205.4935 205.3925 208.3295 259.8443 217.3541 269.6531 261.6831 260.8535 267.0525 262.15 262.5273 264.1457 266.4678 243.0807 252.9013 277.8337 278.4944 278.5122 264.4996 263.9395 278.0194
74.69054 64.5979 44.56331 28.04857 22.40288 41.668 91.62545 89.12242 27.45514 193.3805 14.0673 19.18695 101.4736 24.08564 0 3.064129 5.962848 36.34556 10.43498 17.45889 38.76568 25.05993 13.67073 69.61242 25.59392 27.74687 23.36427 24.80325 27.56457 29.58979 32.87561 34.50855 36.59083 45.99758 46.84253 172.7228 53.07359 53.13714 56.21585 58.44275 60.22642 62.03941 61.59715 119.8258 63.20381 64.55403 70.52344 88.76686 217.8812 205.0393 203.1989 98.35889 232.0673 158.3168 243.164 166.2875 247.6646 259.708 296.4379 250.8176 243.9847 243.6017 252.3142 301.2958 249.9723 196.1782 297.2988 201.576 183.4168 186.667 187.7424 213.1835 198.3111 212.4701 211.3462 215.1134 274.2169 220.4672 284.4141 275.6046 274.5528 281.3922 275.0627 276.1411 277.2985 279.2762 240.0334 249.4831 289.0367 288.5308 288.9341 271.5767 270.4963 287.8712
71.92899 62.82117 42.90105 27.01851 21.50581 39.57903 89.04212 86.48266 25.38331 190.5943 12.74755 16.7141 98.71423 21.30288 3.064129 0 2.915476 33.38746 7.382412 14.40426 35.76233 22.01641 12.74755 66.57702 25.77652 25.10976 23.11926 23.16382 27.51818 27.86575 33.18509 34.62307 34.47463 43.95768 44.65983 170.1626 50.77647 50.97548 53.89341 56.20053 57.93531 59.70343 60.88366 116.7926 62.20129 63.94138 68.2825 88.55789 214.8174 201.9787 200.1406 97.78164 229.1037 156.922 240.2603 164.8847 244.7603 256.7927 293.4471 247.9401 241.14 240.7826 249.4542 298.3149 247.1361 193.8827 294.3738 199.2398 182.2685 185.0311 186.5168 210.8613 197.2425 210.3865 209.3621 213.0499 271.5189 218.7813 281.6895 272.9405 271.9053 278.6979 272.4766 273.5005 274.6939 276.6993 239.0661 248.5664 286.5947 286.1906 286.5598 269.5079 268.4781 285.5473
69.5544 61.61169 41.86884 26.76752 21.47091 38.07887 86.88498 84.25705 23.99088 188.1662 12.52996 14.91178 96.33276 18.98848 5.962848 2.915476 0 30.75531 4.472136 11.49605 33.0471 19.10207 12.08305 63.78871 25.85176 22.47221 22.82542 21.50145 27.35416 26.07681 33.3054 34.54717 32.28002 41.80643 42.37924 167.5255 48.38647 48.70318 51.47815 53.85165 55.54278 57.27128 59.91761 113.8771 60.9631 63.06346 65.9242 88.02272 211.9292 199.0784 197.2365 96.89298 226.2057 155.2611 237.391 163.2149 241.8907 253.9173 290.5389 245.0852 238.3044 237.9627 246.6095 295.4101 244.3056 191.4497 291.4933 196.774 180.8219 183.1529 185 208.4059 195.8647 208.125 207.1835 210.8047 268.7787 216.8554 278.931 270.224 269.2007 275.9601 269.8162 270.8007 272.02 274.0456 237.7733 247.3181 284.0423 283.7174 284.0599 267.2546 266.2668 283.087
39.55459 42.93276 29.36362 29.632 29.70223 21.46056 58.01341 54.97398 18.88433 157.7038 28.03965 19.23033 66.14546 13.0557 36.34556 33.38746 30.75531 0 26.66875 20.56193 3.333333 15.65248 36.70453 33.79678 49.40567 25.02443 45.25729 35.95184 49.42812 37.17377 55.90294 55.87343 35.93358 42.78759 41.18927 150.5836 43.75087 46.06397 45.70072 48.84556 49.43233 50.1121 71.31159 87.3645 69.57051 74.96369 58.93971 101.3602 183.0643 170.6579 168.9975 106.4744 201.0859 154.1965 213.5932 161.8742 218.0614 229.8098 264.5579 221.8027 215.7056 215.8591 223.6726 269.6772 221.8456 178.2196 267.0662 182.8858 181.9664 178.6866 185.223 194.5856 197.6192 197.6206 198.0039 200.5353 248.691 211.294 258.3461 250.6955 249.9511 255.9021 251.5495 251.655 253.4484 255.9015 240.0755 250.0563 267.8965 269.0457 268.9 256.3908 256.0714 268.6506
65.79387 59.66574 40.31129 26.65521 21.84033 35.80503 83.43261 80.70471 22.10345 184.2852 13.15295 12.63703 92.54188 15.57442 10.43498 7.382412 4.472136 26.66875 0 7.023933 28.82322 14.63633 12.72792 59.43904 26.92451 18.78829 23.43075 19.8573 28.04015 24.08319 34.31108 35.24448 29.42788 38.96722 39.29377 163.6617 45.06939 45.60702 48.10405 50.59644 52.20153 53.85165 59.02305 109.4166 59.61963 62.29767 62.62587 87.72685 207.4657 194.6079 192.7648 96.02213 221.813 153.0817 233.0676 161.0169 237.5664 249.5796 286.1164 240.7934 234.0534 233.744 242.3391 290.9979 240.0651 187.9495 287.1434 193.2149 178.9815 180.6018 183.0437 204.8634 194.1299 204.9195 204.1201 207.6268 264.7149 214.2154 274.8318 266.2048 265.2037 271.9007 265.9012 266.8127 268.08 270.1426 236.1629 245.7768 280.3212 280.1363 280.4318 264.0549 263.1387 279.5286
60.06877 57.15958 38.76453 27.93607 24.11944 33.12428 78.20099 75.30603 20.77437 178.2322 16.67987 11.89128 86.70393 11.7217 17.45889 14.40426 11.49605 20.56193 7.023933 0 22.37286 7.640772 16.38634 52.6418 29.93224 13.98677 25.9793 19.21629 30.46498 22.4692 36.96656 37.43215 25.91469 35.22276 35.07866 157.6722 40.33314 41.27861 43.22901 45.91982 47.35206 48.84472 58.31312 102.4152 58.17075 61.75936 57.78495 87.74787 200.4543 187.5859 185.7411 95.09004 214.9257 149.8879 226.2959 157.7824 230.793 242.7835 279.1777 234.0739 227.4024 227.1467 235.6553 284.0765 233.4311 182.5547 280.3256 187.7205 176.3057 176.7713 180.1767 199.3917 191.609 200.0022 199.4359 202.7534 258.371 210.2161 268.4285 259.9341 258.9696 265.5632 259.8018 260.5932 261.9392 264.0621 233.8088 243.5273 274.5373 274.5809 274.7997 259.1245 258.325 274.0103
38.30503 44.51342 32.00694 32.95873 33.01178 24.00231 57.16448 53.97865 22.21502 155.9346 31.09841 22.26669 64.65378 16.05222 38.76568 35.76233 33.0471 3.333333 28.82322 22.37286 0 16.57642 38.14155 30.99104 50.35326 24.96219 46.17118 36.37431 50.19988 37.16779 56.61591 56.43242 35.15837 41.44742 39.66667 147.3317 41.79746 44.25808 43.59026 46.74874 47.22052 47.79238 70.52445 84.12755 68.50993 74.19194 56.52237 100.5524 180.1003 167.6282 165.9449 105.2411 197.8159 151.8556 210.2846 159.4997 214.7539 226.51 261.3349 218.4847 212.3781 212.5277 220.3495 266.4416 218.517 175.0936 263.7782 179.7297 179.762 176.0619 182.9402 191.4274 195.4466 194.6144 195.0686 197.5398 245.3625 208.5682 255.0143 247.3724 246.6315 252.5736 248.2455 248.3367 250.1389 252.5994 237.9102 247.9201 264.6408 265.8362 265.6742 253.3425 253.0562 265.4494
54.87445 56.26919 39.43631 31.90698 29.10708 32.70406 73.59725 70.48503 22.82801 172.2913 22.96132 15.9835 81.20482 12.50805 25.05993 22.01641 19.10207 15.65248 14.63633 7.640772 16.57642 0 21.73067 45.68613 33.81962 10.73416 29.65168 20.43367 33.78075 22.2011 40.25095 40.23896 22.98309 31.51367 30.78239 150.7829 35.24399 36.67273 37.91511 40.80305 42.00661 43.29229 57.546 94.78162 56.58671 61.12737 52.33439 87.45793 192.9496 180.0327 178.1717 93.71129 207.3079 145.8683 218.742 153.7056 223.2378 235.2139 271.5413 226.5541 219.9316 219.716 228.1603 276.4449 225.9723 176.2249 272.7426 181.2904 172.7931 172.0404 176.4555 192.9781 188.2401 194.1363 193.8055 196.93 251.1418 205.2782 261.1489 252.7671 251.8344 258.3387 252.7848 253.4704 254.8852 257.0614 230.5728 240.3937 267.8051 268.063 268.2093 253.2177 252.5343 267.5278
76.25585 72.34639 53.03772 38.76209 33.54102 48.41487 94.55686 91.62014 34.82905 194.0116 24.59675 25.35142 102.7716 27.56923 13.67073 12.74755 12.08305 36.70453 12.72792 16.38634 38.14155 21.73067 0 67.1193 14.19663 18.78829 10.81665 11.73936 15.40292 16.55295 21.59282 22.6202 24.41311 33.41324 34.66987 161.4535 41.20983 40.81666 44.40721 46.32494 48.25971 50.21952 48.13855 113.2166 49.56309 51.1957 58.30952 75.96052 212.5653 199.3144 197.31 85.03676 223.8325 144.679 234.1848 152.652 238.6876 250.8386 288.5609 241.5646 234.4376 233.8402 242.8955 293.2521 240.3461 183.8831 288.5103 189.4043 169.75 173.1733 174.0718 200.9602 184.6599 199.6246 198.3053 202.2249 263.5906 207.0151 273.9462 264.781 263.638 270.7397 263.8342 265.1886 266.1595 268.0019 226.4184 235.8925 277.1895 276.3323 276.8465 258.6832 257.5034 275.6216
22.49978 52.39275 51.61395 60.51859 62.1289 44.68781 40.22437 36.21119 50.61682 128.2857 61.7414 52.98454 41.04875 46.84616 69.61242 66.57702 63.78871 33.79678 59.43904 52.6418 30.99104 45.68613 67.1193 0 77.3101 50.15974 73.17103 62.09116 76.47385 61 82.3787 81.51998 55.36244 56.94539 54.12024 128.2791 52.14643 55.47071 52.00961 54.67175 53.8145 53.03772 86.99839 56.0803 83.06925 90.55385 59.03389 115.434 149.3754 137.1491 135.5775 116.4098 169.7292 149.6964 183.288 156.7309 187.7022 199.1507 232.3387 191.9004 186.4618 187.0728 194.0667 237.6211 192.6843 159.2608 235.9999 163.0859 178.8169 169.4462 180.953 174.5967 194.6623 181.1767 183.0027 184.2813 221.5513 199.9456 230.6697 224.0759 223.6068 228.7378 226.1514 225.3974 227.735 230.5862 236.7391 247.0167 244.4606 247.089 246.4488 238.533 238.9247 246.9377
88.65197 86.51015 67.23271 52.6027 47.21072 62.54111 107.4076 104.304 49.02502 205.2804 38.31758 39.5443 114.8002 41.47603 25.59392 25.77652 25.85176 49.40567 26.92451 29.93224 50.35326 33.81962 14.19663 77.3101 0 27.15069 4.197773 15.33508 2.722088 17.79386 7.4541 8.916998 26.07102 32.46203 34.73424 160.2065 41.39428 39.88452 44.46959 45.51253 47.6938 49.87991 37.43758 118.9764 40.22014 40.01065 56.62296 63.30395 219.035 205.4173 203.2508 73.48434 226.9604 136.1459 236.2885 144.1221 240.7809 253.0455 291.9712 243.2628 235.7318 234.8172 244.3521 296.4444 241.5061 180.355 290.739 186.1447 160.0612 165.6974 164.6916 197.5385 174.6259 194.5844 192.6569 197.0478 263.1127 199.6833 273.7087 263.9634 262.6637 270.2016 262.2933 264.1443 264.7781 266.3666 215.9537 225.2413 274.4051 272.7813 273.5448 253.3634 251.8791 271.9539
62.60588 66.85058 50.15974 41.57523 38.0526 43.41659 81.84131 78.50637 33.22744 178.2184 30.59412 25.3777 88.23265 23.01223 27.74687 25.10976 22.47221 25.02443 18.78829 13.98677 24.96219 10.73416 18.78829 50.15974 27.15069 0 23.02173 12.01301 26.38655 12.20656 32.5 31.96624 12.36932 21.35676 21.09502 145.06 26.44334 27.29469 29.41088 32.01562 33.52611 35.1141 46.87771 94.42987 45.85303 50.47772 43.9659 76.844 193.8685 180.5673 178.5476 82.97741 205.2998 136.0331 215.9363 143.9121 220.4392 232.5446 269.9437 223.4527 216.4902 216.0284 224.8745 274.6776 222.4483 169.1626 270.1886 174.4276 162.6514 162.7882 166.4332 186.0753 178.0264 186.2606 185.5856 188.9888 246.4731 196.2301 256.6837 247.8588 246.8117 253.6474 247.3671 248.4029 249.5848 251.5909 220.3008 230.0766 261.5894 261.3522 261.6582 245.3936 244.5343 260.7417
84.46574 82.807 63.70243 49.56309 44.29447 58.79626 103.2473 100.1312 45.45946 201.1005 35.35534 35.96796 110.6029 37.60402 23.36427 23.11926 22.82542 45.25729 23.43075 25.9793 46.17118 29.65168 10.81665 73.17103 4.197773 23.02173 0 11.34956 4.609772 14.31782 11.01136 11.81836 22.82542 29.95738 32.01562 158.2475 38.73306 37.48333 41.86884 43.13931 45.27693 47.42362 38.47493 115.434 40.65095 41.30375 54.56189 65.45991 215.4182 201.8594 199.7204 75.04832 223.9866 136.4734 233.5434 144.4542 238.0394 250.2818 288.9532 240.6126 233.1738 232.3343 241.7586 293.4737 238.9817 179.0475 287.9793 184.762 160.8582 165.6563 165.3663 196.2091 175.5717 193.7447 192.0104 196.2525 261 199.6077 271.5373 261.9389 260.6799 268.1063 260.4601 262.1793 262.9028 264.56 217.0943 226.4647 272.9194 271.5168 272.2076 252.6341 251.2469 270.7236
74.40497 76.03494 57.9682 46.25 41.65708 52.08467 93.50301 90.24169 39.9703 190.2179 33.00473 30.82624 100.1914 30.70016 24.80325 23.16382 21.50145 35.95184 19.8573 19.21629 36.37431 20.43367 11.73936 62.09116 15.33508 12.01301 11.34956 0 14.38967 4.828302 20.50152 20.09007 12.91559 21.68541 23.05022 149.9325 29.67427 29.1258 32.87571 34.67438 36.65123 38.65634 39.34377 104.3423 39.76258 42.71197 46.61344 68.55883 204.2298 190.7303 188.6208 76.29097 213.6593 133.7864 223.6025 141.745 228.1032 240.3015 278.5368 230.8392 223.574 222.8768 232.0884 283.1318 229.4418 172.1491 277.9934 177.6804 159.3398 161.896 163.5002 189.2308 174.4164 187.9237 186.6623 190.534 252.2555 195.6759 262.6682 253.3748 252.2009 259.3932 252.2985 253.7387 254.6502 256.4524 216.3855 225.9719 265.5058 264.6029 265.1279 246.9956 245.8451 263.8884
88.43856 87.38564 68.30996 54.11331 48.8083 63.366 107.3464 104.1777 50.06558 204.6036 39.87794 40.57435 114.4214 42.12852 27.56457 27.51818 27.35416 49.42812 28.04015 30.46498 50.19988 33.78075 15.40292 76.47385 2.722088 26.38655 4.609772 14.38967 0 16.19413 6.519202 7.217359 24.19194 30.13903 32.5 157.6346 39.11521 37.5 42.15744 43.10742 45.30177 47.5 34.90516 117.1932 37.56661 37.5533 54.10407 61.20662 217.3045 203.6324 201.4411 71.13719 224.7627 133.4963 233.977 141.4736 238.4674 250.7414 289.7941 240.9094 233.3415 232.3984 241.9755 294.2412 239.1025 177.6689 288.4314 183.4673 157.5017 163.0038 162.1057 194.8544 172.1028 191.8652 189.9349 194.3274 260.5748 196.9873 271.1867 261.4025 260.0928 267.6588 259.6884 261.5688 262.1821 263.756 213.4848 222.797 271.7393 270.0889 270.8602 250.6417 249.1571 269.2582
74.61892 78.40918 60.90156 50.08493 45.70558 54.6443 93.94147 90.56075 43.18058 189.2833 37.21559 34.31755 99.95999 33.48974 29.58979 27.86575 26.07681 37.17377 24.08319 22.4692 37.16779 22.2011 16.55295 61 17.79386 12.20656 14.31782 4.828302 16.19413 0 21.52324 20.52251 8.602325 16.92467 18.43909 145.3171 25.12469 24.41311 28.3196 30 32.01562 34.05877 35.87367 101.1929 35.78407 39.35734 41.88078 65.51336 201.2411 187.6314 185.473 72.62403 209.7737 129.1898 219.5051 137.1414 224.004 236.2245 274.7116 226.6659 219.3285 218.5778 227.8718 279.2582 225.1738 167.3589 273.9211 172.9046 154.9128 157.1655 159.0126 184.4478 170.0474 183.0956 181.8378 185.7057 247.7458 190.9247 258.1908 248.8232 247.6308 254.8764 247.6667 249.1606 250.0351 251.8114 212.0856 221.7121 260.7681 259.8191 260.3574 242.1673 241.0187 259.0989
94.80713 93.80432 74.62071 60.05206 54.64659 69.8015 113.7772 110.5825 56.39426 210.6116 45.76298 46.90534 120.6866 48.61134 32.87561 33.18509 33.3054 55.90294 34.31108 36.96656 56.61591 40.25095 21.59282 82.3787 7.4541 32.5 11.01136 20.50152 6.519202 21.52324 0 2.647063 28.77933 33.28705 35.93397 158.9093 42.29066 40.26475 45.16913 45.70831 47.94007 50.1722 31.98703 121.5206 35.58441 34.17967 56.00223 56.40257 221.6895 207.8953 205.6453 67.1193 227.8163 131.1345 236.5888 139.0933 241.0692 253.3777 292.9 243.3393 235.6061 234.5261 244.3 297.2531 241.3017 177.8152 291.0417 183.7315 154.4229 161.1591 159.1988 195.0186 168.8002 191.2361 189.0007 193.6252 262.0234 195.1628 272.7329 262.6961 261.3164 269.0729 260.6522 262.7589 263.2169 264.672 209.8872 219.0822 272.1089 270.0933 270.9839 249.7944 248.1577 269.2072
94.49256 94.48019 75.48846 61.31278 55.98369 70.44625 113.5826 110.331 57.23987 209.7998 47.06209 47.75116 120.195 49.137 34.50855 34.62307 34.54717 55.87343 35.24448 37.43215 56.43242 40.23896 22.6202 81.51998 8.916998 31.96624 11.81836 20.09007 7.217359 20.52251 2.647063 0 27.30092 31.25 33.96822 156.3761 40.21928 38.0899 43.0427 43.47613 45.71112 47.94622 29.46852 119.7324 32.96852 31.7465 53.60355 54.43198 219.8992 206.0591 203.7871 64.87943 225.5996 128.5872 234.2689 136.5491 238.7469 251.0618 290.6914 240.9815 233.217 232.1122 241.9215 295.0207 238.9001 175.1861 288.7179 181.1082 151.9866 158.5618 156.7328 192.3898 166.4088 188.5891 186.3572 190.9785 259.5047 192.5654 270.2266 260.1583 258.7705 266.5496 258.079 260.2092 260.6507 262.0941 207.5639 216.7879 269.4893 267.4565 268.3518 247.1498 245.5165 266.5685
70.87417 78.54935 62.39391 53.78197 50.01 55.4617 90.42677 86.86915 45.59674 183.4505 42.10701 37.60356 95.34149 35.37036 36.59083 34.47463 32.28002 35.93358 29.42788 25.91469 35.15837 22.98309 24.41311 55.36244 26.07102 12.36932 22.82542 12.91559 24.19194 8.602325 28.77933 27.30092 0 9.545214 10.29563 137.0623 16.8003 16.55295 20 21.9545 23.85372 25.80698 35.39096 93.00538 33.80089 39.05125 34 65.43699 193.1321 179.4423 177.2491 70.889 201.189 124 210.904 131.9049 215.403 227.6225 266.1391 218.0736 210.7534 210.022 219.2887 270.6747 216.6062 159.6653 265.319 165.1242 150.4123 151.1985 154.2628 176.706 165.748 175.9148 174.9085 178.5754 239.3408 184.7897 249.7529 240.4683 239.3011 246.4792 239.4378 240.8423 241.7758 243.6001 207.9928 217.7504 252.8122 252.0721 252.5391 235.034 234.0085 251.3867
74.62789 85.71918 70.5321 62.93074 59.34176 63.28068 94.22727 90.50246 54.33391 183.8076 51.57626 46.73358 97.78093 44.02091 45.99758 43.95768 41.80643 42.78759 38.96722 35.22276 41.44742 31.51367 33.41324 56.94539 32.46203 21.35676 29.95738 21.68541 30.13903 16.92467 33.28705 31.25 9.545214 0 3.018462 128.5149 9.020039 7.557189 12.0185 13.20774 15.32246 17.46743 30.36057 88.77562 27.36685 34.00163 24.96219 59.8758 188.8821 174.9565 172.649 63.79938 194.6932 114.6841 203.8405 122.5697 208.3315 220.6032 259.7503 210.8009 203.2866 202.4064 211.8972 264.1606 209.0742 150.4707 258.294 155.995 141.3367 141.6902 145.0843 167.5473 156.7494 166.4726 165.4049 169.1185 231.1113 175.2589 241.6174 232.1123 230.8884 238.2277 230.8314 232.4051 233.2228 234.9641 199.0655 208.8804 243.8438 242.9195 243.4429 225.581 224.5242 242.2086
72.09531 84.09518 69.37579 62.502 59.13544 61.98387 91.67879 87.92753 53.58696 180.8303 51.62364 46.33603 95.01579 43.26156 46.84253 44.65983 42.37924 41.18927 39.29377 35.07866 39.66667 30.78239 34.66987 54.12024 34.73424 21.09502 32.01562 23.05022 32.5 18.43909 35.93397 33.96822 10.29563 3.018462 0 126.8909 6.726812 6.324555 9.899495 11.6619 13.60147 15.6205 33.00485 85.90693 29.7069 36.61967 23.70654 62.28965 186.0376 172.1401 169.8477 65.74382 192.2628 115.1086 201.575 122.9608 206.069 218.3254 257.2983 208.6052 201.1591 200.3353 209.7432 261.7412 206.9716 149.3754 256.0209 154.8289 142.04 141.6933 145.6743 166.4121 157.5223 165.7468 164.8423 168.4256 229.3164 175.1521 239.7759 230.3845 229.1921 236.4445 229.2513 230.7228 231.6093 233.4031 199.8911 209.7528 242.5283 241.7775 242.2437 224.8755 223.8973 241.0939
147.717 180.6699 177.2648 179.9273 178.817 169.4152 157.7446 154.3613 169.209 176.8836 173.7238 165.99 147.5954 160.5847 172.7228 170.1626 167.5255 150.5836 163.6617 157.6722 147.3317 150.7829 161.4535 128.2791 160.2065 145.06 158.2475 149.9325 157.6346 145.3171 158.9093 156.3761 137.0623 128.5149 126.8909 0 120.2655 120.9624 117.0643 115.3345 113.3015 111.2764 133.5597 81.73163 127.6122 134.0942 103.6872 137.3186 116.9167 103.605 100.3194 124.787 87.36396 85.0865 87.48271 85.77722 91.48931 103.5022 147.7344 91.33917 82.05156 79.58764 91.02053 150.4615 86.81896 35.10411 139.2881 36.74057 106.0964 76.81217 103.2151 47.4469 117.5864 60.82598 66.47324 64.06294 103.1889 91.95992 114.0451 103.7919 102.4582 110.1992 102.3835 103.9396 104.7185 106.5684 149.2965 159.0437 117.3159 118.9348 118.514 112.5021 113.8538 118.7159
71.4628 86.26268 72.67221 67.15095 64.13462 65.025 90.89692 87.04596 57.75866 177.3442 57.00219 51.13001 93.19469 47.50066 53.07359 50.77647 48.38647 43.75087 45.06939 40.33314 41.79746 35.24399 41.20983 52.14643 41.39428 26.44334 38.73306 29.67427 39.11521 25.12469 42.29066 40.21928 16.8003 9.020039 6.726812 120.2655 0 3.354102 3.201562 5.59017 7.158911 9.013878 35.25578 80.14518 30.95561 38.69431 17.55705 63.30284 180.1617 166.178 163.8429 65.24186 185.6805 110.9516 194.8955 118.7315 199.3883 211.6512 250.734 201.9019 194.4409 193.6104 203.0299 255.1507 200.2498 143.1127 249.345 148.5034 138.365 136.7964 141.7789 160.1101 153.966 159.8538 159.1422 162.5691 222.6213 170.0647 233.0692 223.7102 222.5292 229.7526 222.6388 224.0653 224.981 226.8 196.4055 206.3553 236.0747 235.4583 235.8776 218.9892 218.1015 234.7978
74.64701 88.76936 74.73286 68.51642 65.27634 67.18631 94.11164 90.2732 59.38487 180.6592 57.87055 52.39301 96.51943 49.07711 53.13714 50.97548 48.70318 46.06397 45.60702 41.27861 44.25808 36.67273 40.81666 55.47071 39.88452 27.29469 37.48333 29.1258 37.5 24.41311 40.26475 38.0899 16.55295 7.557189 6.324555 120.9624 3.354102 0 5.09902 5.656854 7.81025 10 31.90799 82.8734 27.6134 35.34119 17.49286 60 182.784 168.745 166.3798 62.16309 187.5553 109.2245 196.5108 117.0471 200.9986 213.2838 252.6362 203.4112 195.8494 194.9365 204.4771 257.0003 201.6216 143.1258 250.9677 148.6069 136.392 135.5323 139.9178 160.178 151.9384 159.424 158.5213 162.1015 223.5576 168.9386 234.0694 224.5551 223.3316 230.6729 223.2864 224.8488 225.6728 227.4225 194.3502 204.2603 236.381 235.5478 236.0381 218.5521 217.573 234.8537
71.90321 87.92042 74.8131 69.8033 66.91039 67.08204 91.21952 87.3284 60.2583 176.2255 59.90826 53.8581 93.00538 50.0506 56.21585 53.89341 51.47815 45.70072 48.10405 43.22901 43.59026 37.91511 44.40721 52.00961 44.46959 29.41088 41.86884 32.87571 42.15744 28.3196 45.16913 43.0427 20 12.0185 9.899495 117.0643 3.201562 5.09902 0 3.162278 4.123106 5.830952 36.23976 77.78175 31.53569 39.56008 14.56022 63.51378 177.6851 163.6487 161.2862 64.72442 182.7047 108.6646 191.8241 116.4083 196.3155 208.5857 247.7715 198.8 191.3139 190.4659 199.9122 252.1656 197.1148 139.9893 246.277 145.3616 136.2728 134.1827 139.5887 156.9745 151.9186 156.8502 156.2082 159.5781 219.4265 167.3656 229.8793 220.5108 219.3285 226.5568 219.4382 220.8642 221.7797 223.6001 194.3749 204.3606 232.8991 232.3161 232.723 215.9838 215.1279 231.6619
74.80888 91.08238 77.92946 72.70832 69.72087 70.21396 94.06912 90.16235 63.25 178.1522 62.58594 56.70709 95.60335 53.01474 58.44275 56.20053 53.85165 48.84556 50.59644 45.91982 46.74874 40.80305 46.32494 54.67175 45.51253 32.01562 43.13931 34.67438 43.10742 30 45.70831 43.47613 21.9545 13.20774 11.6619 115.3345 5.59017 5.656854 3.162278 0 2.236068 4.472136 34.44009 78.40918 29.43637 37.64306 12.08305 61.05735 178.0842 163.9682 161.5619 61.87285 182.1236 105.5746 190.9568 113.3303 195.4425 207.7354 247.2155 197.8217 190.2341 189.3046 198.8707 251.5495 195.9981 137.7425 245.414 143.1782 133.1374 131.244 136.4734 154.7676 148.7764 154.3243 153.5741 157.0306 217.9036 164.4878 228.413 218.9087 217.6901 225.02 217.6713 219.2099 220.049 221.813 191.2308 201.212 230.8679 230.1294 230.5862 213.4596 212.5512 229.4521
74.27569 91.39475 78.63841 73.88166 71.02112 70.85901 93.43447 89.50559 64.28112 176.6083 64.03124 57.96 94.64143 54.09771 60.22642 57.93531 55.54278 49.43233 52.20153 47.35206 47.22052 42.00661 48.25971 53.8145 47.6938 33.52611 45.27693 36.65123 45.30177 32.01562 47.94007 45.71112 23.85372 15.32246 13.60147 113.3015 7.158911 7.81025 4.123106 2.236068 0 2.236068 36.16518 76.32169 30.99193 39.29377 10.44031 62.26556 175.9346 161.8041 159.3902 62.60391 179.8889 104.8094 188.7392 112.5275 193.2255 205.5164 244.9803 195.6164 188.0425 187.1263 196.6737 249.316 193.8124 135.9559 243.1965 141.3542 132.5499 130.1384 135.794 152.9575 148.2266 152.7383 152.0855 155.463 215.8078 163.2858 226.3018 216.8363 215.6293 222.9282 215.6551 217.1543 218.0196 219.8045 190.6898 200.7019 228.9651 228.3089 228.7378 211.8726 211.0095 227.645
73.80643 91.76056 79.40403 75.10326 72.36712 71.56815 92.84934 88.90022 65.37249 175.0793 65.52099 59.2708 93.723 55.25 62.03941 59.70343 57.27128 50.1121 53.85165 48.84472 47.79238 43.29229 50.21952 53.03772 49.87991 35.1141 47.42362 38.65634 47.5 34.05877 50.1722 47.94622 25.80698 17.46743 15.6205 111.2764 9.013878 10 5.830952 4.472136 2.236068 0 37.94364 74.24284 32.62668 41 9.055385 63.52952 173.7872 159.642 157.2204 63.40544 177.6542 104.0865 186.5221 111.7636 191.009 203.2978 242.7452 193.4118 185.8521 184.9493 194.4776 247.0826 191.6279 134.1827 240.9793 139.5421 131.9976 129.062 135.1481 151.1589 147.7086 151.1688 150.6154 153.912 213.7148 162.1057 224.193 214.7673 213.572 220.8393 213.6433 215.1023 215.9943 217.8004 190.1736 200.2155 227.0683 226.4958 226.8965 210.2974 209.4803 225.8456
104.9733 113.7142 96.71773 85.57581 80.85988 90.24256 124.5774 120.861 79.0524 212.4647 72.06053 70.10003 127.9739 69.30788 61.59715 60.88366 59.91761 71.31159 59.02305 58.31312 70.52445 57.546 48.13855 86.99839 37.43758 46.87771 38.47493 39.34377 34.90516 35.87367 31.98703 29.46852 35.39096 30.36057 33.00485 133.5597 35.25578 31.90799 36.23976 34.44009 36.16518 37.94364 0 111.4007 6.262587 3.676955 38.48792 30.04863 209.8469 195.4614 192.8849 37.005 208.7619 99.1631 215.5208 107.1171 219.9288 232.3026 273.6651 221.4795 213.142 211.5438 222.0152 277.5708 218.5492 149.1118 269.6621 155.2795 122.6312 129.4014 127.3072 166.2742 137.1977 160.9016 158.1882 163.1621 236.5378 163.3951 247.5205 236.7233 235.1355 243.4513 233.7156 236.4722 236.4737 237.5886 178.6273 187.9898 243.604 240.7829 241.925 219.0131 217.1684 239.784
70.42073 105.5462 107.6151 115.9849 116.9316 100.7671 77.10383 74.03546 105.6436 112.4342 115 106.2028 66.0303 100.0078 119.8258 116.7926 113.8771 87.3645 109.4166 102.4152 84.12755 94.78162 113.2166 56.0803 118.9764 94.42987 115.434 104.3423 117.1932 101.1929 121.5206 119.7324 93.00538 88.77562 85.90693 81.73163 80.14518 82.8734 77.78175 78.40918 76.32169 74.24284 111.4007 0 105.5296 114.0395 73.06162 132.1968 100.1699 86.44202 84.28671 126.7212 113.864 131.6435 127.2105 136.8377 131.6224 143.0874 177.2191 135.868 130.6331 131.4544 138.1022 182.3142 136.8768 116.1077 180.0414 118.423 160.3034 141.5238 160.4151 129.1395 175.3416 140.8119 144.8068 144.0626 166.8592 166.6741 175.5634 169.7793 169.5435 173.9943 172.9281 171.3972 174.2036 177.4063 214.5951 224.9361 193.0803 197.3554 196.1479 194.2087 195.5761 197.4949
101.7587 112.3321 96.0026 85.86617 81.40332 89.22163 121.3198 117.5383 78.71031 207.5812 72.76331 70.05494 124.1149 68.71181 63.20381 62.20129 60.9631 69.57051 59.61963 58.17075 68.50993 56.58671 49.56309 83.06925 40.22014 45.85303 40.65095 39.76258 37.56661 35.78407 35.58441 32.96852 33.80089 27.36685 29.7069 127.6122 30.95561 27.6134 31.53569 29.43637 30.99193 32.62668 6.262587 105.5296 0 8.514693 32.50385 32.59601 203.7462 189.3393 186.7492 37.12479 202.5056 95.92966 209.3132 103.9071 213.7248 226.0984 267.4163 215.3066 206.9988 205.4319 215.8643 271.3309 212.4247 143.7585 263.4763 149.8683 120.2739 125.6205 124.7257 160.9425 135.1097 156.0977 153.618 158.4171 230.661 159.6222 241.6154 230.908 229.348 237.5931 228.042 230.7 230.7698 231.9407 176.8659 186.3713 238.2446 235.6376 236.7076 214.44 212.7122 234.6726
108.6241 117.3243 100.2397 88.89601 84.11896 93.81365 128.2264 124.504 82.51704 215.7653 75.28612 73.51209 131.5485 72.82556 64.55403 63.94138 63.06346 74.96369 62.29767 61.75936 74.19194 61.12737 51.1957 90.55385 40.01065 50.47772 41.30375 42.71197 37.5533 39.35734 34.17967 31.7465 39.05125 34.00163 36.61967 134.0942 38.69431 35.34119 39.56008 37.64306 39.29377 41 3.676955 114.0395 8.514693 0 41 26.40076 212.1438 197.715 195.1083 33.84154 210.2189 97.26767 216.6806 105.1977 221.0734 233.4459 275.0435 222.5109 214.0841 212.4012 222.9781 278.8843 219.4385 148.822 270.7313 155.0516 120.2451 127.8124 125.028 165.9518 134.6752 160.0656 157.156 162.2737 236.9156 161.7784 247.9446 237.0021 235.372 243.797 233.7887 236.6854 236.588 237.6258 175.9432 185.2438 243.2879 240.2402 241.456 217.9587 216.0208 239.2075
80.54892 100.1699 88.27797 84.15759 81.3941 80.399 99.20181 95.20635 74.41816 177.5209 74.46476 68.30833 99.00505 64.30445 70.52344 68.2825 65.9242 58.93971 62.62587 57.78495 56.52237 52.33439 58.30952 59.03389 56.62296 43.9659 54.56189 46.61344 54.10407 41.88078 56.00223 53.60355 34 24.96219 23.70654 103.6872 17.55705 17.49286 14.56022 12.08305 10.44031 9.055385 38.48792 73.06162 32.50385 41 0 60.74537 171.4176 157.0761 154.5356 58.66217 172.6297 95.35198 180.783 102.9788 185.2524 197.5854 237.7238 187.4036 179.6135 178.5252 188.3212 241.9094 185.3004 125.6702 235.2122 131.1259 123.475 120.0375 126.4951 142.706 139.23 142.3025 141.651 145.0243 206.4946 153.0531 217.0864 207.3861 206.1189 213.5884 205.9413 207.6174 208.3608 210.0595 181.6842 191.7687 218.8927 218.0724 218.5498 201.4373 200.5692 217.3873
134.3545 143.6941 126.4002 114.3788 109.3846 120.1083 153.9123 150.1241 108.5199 238.197 100.4639 99.36311 156.4736 98.99779 88.76686 88.55789 88.02272 101.3602 87.72685 87.74787 100.5524 87.45793 75.96052 115.434 63.30395 76.844 65.45991 68.55883 61.20662 65.51336 56.40257 54.43198 65.43699 59.8758 62.28965 137.3186 63.30284 60 63.51378 61.05735 62.26556 63.52952 30.04863 132.1968 32.59601 26.40076 60.74537 0 227.0022 212.3462 209.5382 14.70544 219.0183 83.72574 223.2946 91.21419 227.5444 239.8208 282.887 228.1581 219.1552 216.8784 228.1291 286.2397 224.0876 145.8664 276.3545 152.4336 102.3483 115.7627 107.8564 162.4838 115.5489 152.9706 148.6775 154.7654 237.7604 148.9706 249.0472 237.135 235.2127 244.3645 232.4668 236.3493 235.5424 236.0191 155.3081 164.1288 239.1067 234.455 236.1906 208.6648 206.0728 233.1872
