0 39.70469 40.0125 16.49242 6.670832 40.79216 26.57066 12.24972 22.82542 15.55635 37 17.69181 35.65459 14.76482 15.13275 17.49286 34.44198 20.56156 21.0238 33.6006 20.09975 24.23324 70.83784 32.1753 24.35159 25.4951 68.70953 34.65545 28.06007 70.93659 73.35019 77.3398 70.68239 39.7555 43.93177 43.41659 80.05623 72.06941 130.7284 54.48853 190.0328 82.73452 53.05186 46.61545 83.64807 88.26035 75.16648 53.58405 92.13034 52.31157 95.71311 91.3017 94.41398 90.04999 97.89575 67.88225 93.81365 60.53982 92.7045 74.75156 58.13777 101.8725 100.7025 90.80198 69.02898 102.9272 69.40033 87.20665 72.62231 63.07139 96.40021 72.30837 119.0378 112.3299 75.85842 74.94665 80.84182 73.49225 119.3995 75.66373 70.20288 104.3734 77.17675 76.34207 102.6499 119.4027 106.1508 79.60528 125.6702 99.82485 111.7738 95 84.12639 82.8553 100.2646 90.0125 123.0366 102.7278 100.8886 108.0463 108.1041 104.9405 107.7822 119.6202 110.3152 108.547 129.3213 113.7844 121.7631 118.5116 116.9701 131.0343 111.6288 131.0506 185.9704 164.5068 176.8593 176.2562 167.6305 178.8435 176.0057 178.1348 188.0638 189.9921 185.3531 188.3534 193.6311 193.2466 196.9772 197.106 205.5694 207.5114 238.2478 210.0595 217.4251 242.157 245.6013 249.5376 277.0011 234.1645 239.1171 301.2891 221.8152 239.0863 241.5382 242.3659 241.2323 252.2955 225.3908 243.0823 289.859 238.6717 231.6592 269.3798 257.1478 241.3669 236.7826 273.4246 254.4815 244.1004 246.0081 247.2192 269.4736 306.1472 281.7836 262.6923 279.292 285.6081 317.5756 286.5589 331.6361 304.2384 296.8803 304.0765 302.8209 305.3604 307.0314 304.171 306.5746 308.2872 308.7539 309.3429 310.9807
39.70469 0 66.57282 45.72206 34.6659 63.16548 49.62096 27.70734 44.35208 37.27755 56.92488 38.14178 54.48057 24.98657 28.09834 22.39852 51.18436 19.52589 18.68386 46.45322 21.70472 15.55008 84.5995 41.21225 27.84415 14.21787 81.34048 42.06715 12.01062 83.19528 85.01652 87.74975 80.8116 42.45066 45.68653 43.63228 88.5894 79.59014 108.3713 56.59041 152.0745 90.58758 53.13819 43.62532 90.63005 95.02716 79.73506 51.31965 98.76071 47.51911 101.8915 96.90739 99.98193 95.00294 102.5432 65.67443 97.44374 50.49389 95.05188 71.33387 45.46292 104.9564 103.1521 91.35843 62.22051 105.2974 60.31623 85.19242 65.04051 48.34547 96.1167 63.19514 120.626 112.842 64.23162 62.20298 69.81621 57.74144 119.8778 61.37243 49.23853 100.696 61.94303 59.24114 98.26283 117.8753 101.1754 63.12409 124.8623 91.78417 106.0239 83.71602 65.53549 63.65842 89.95034 70.14381 115.4239 86.82101 81.00997 91.45742 90.47551 84.50547 88.83698 105.8694 91.15517 87.143 117.4941 95.20512 106.0601 101.9333 99.63889 118.3269 72.30885 115.0566 149.4379 149.3737 139.3418 138.4807 152.0331 160.6084 156.2071 157.8133 170.0805 172.1934 164.3436 167.4157 173.9838 173.1085 176.4944 175.9089 183.3017 185.4911 199.0868 181.2335 188.1135 202.7223 206.1255 210.1561 238.7599 194.5095 199.4199 262.3655 184.9399 199.4296 201.8494 202.6627 201.5648 212.6642 188.1125 203.4209 251.5329 210.4626 199.701 229.822 217.4684 212.3971 199.3113 233.8297 226.2918 208.1448 210.745 211.325 229.7714 266.9218 242.0945 229.2273 239.6624 245.9814 278.2336 247.0376 292.3567 264.5529 268.1978 264.4332 263.5929 266.1367 278.509 265.1356 267.7224 269.4757 269.8867 270.6612 272.2166
40.0125 66.57282 0 24.18677 38.89087 7 17 44.50531 22.36068 30.67572 12.08305 29.15476 14.32655 48.50773 40.49691 50.96077 17.75528 49.64317 52.20153 23.02173 46.09772 53.50934 34.82815 28.11139 38.83298 55.54278 33.94113 28.84441 55.58593 36.06938 38.55191 42.90817 37.64306 32.87096 33.83785 35.4683 46.69047 41.04875 169.1391 36 199.6085 49.51767 37.66298 39.21734 50.9902 55.16239 46.14109 40.37635 58.69412 42.57347 62.24147 58.72819 61.52235 58.13777 65.33244 47.67599 62.482 51.47073 62.55098 53.53179 52.88667 70.0928 69.52697 62.43397 53.08484 71.58911 55.62514 61.7414 56.22277 57.48913 67.95587 57.55432 86.97701 81.56592 62.518 63.00794 65.51336 65.04443 88.12066 65.06919 68.08899 77.83195 67.09136 68.39428 76.94154 89.64374 80.5295 70.11419 94.92102 77.83315 86.19961 76.90254 75.66538 75.32596 80.36168 81.5981 98.0051 87.9659 90.53452 93.21481 94.33186 94.56479 95.42536 100.5783 97.84568 98.71226 107.5407 100.2691 104.4186 102.3914 101.789 109.9318 129.0349 113.1205 215.6015 143.5218 204.9444 203.8609 146.932 160.2099 159.1006 161.6818 168.7987 170.4699 169.3205 172.122 175.8408 175.9808 179.9361 180.8197 190.1537 191.7603 261.62 202.4846 210.294 264.0928 267.2396 271.7425 303.1345 251.0777 256.9436 325.2881 227.774 255.9692 259.058 260.5 258.2789 272.4849 232.28 260 315.7329 229.477 228.0548 290.2115 276.5249 233.1373 243.9611 293.8741 244.9031 247.5035 247.9294 250.4306 287.2716 328.8672 298.9398 260.9315 295.3726 301.5974 339.6414 301.4249 353.9838 321.1261 287.2039 320.1539 315.5321 318.0252 296.987 315.8686 317.4161 318.9389 319.6404 319.4527 321.4094
16.49242 45.72206 24.18677 0 14.71394 24.33105 10.29563 20.70561 8.062258 8.602325 20.61553 8.544004 19.47434 24.69818 17.80449 27.313 18.82153 27.00823 29.15476 19.41649 24.08319 31.10064 54.42426 20.08109 20.61553 33.01515 52.39275 22.47221 33.90653 54.626 57.06356 61.12374 54.58938 28.15138 31.7805 31.95309 64.00781 56.30275 145.0912 40.80441 189.4386 66.7308 40.13104 35.73514 67.74216 72.31797 59.81639 41.36726 76.15773 41.14 79.75588 75.47185 78.54935 74.33034 82.1132 54.40588 78.23682 50.17705 77.35713 61.22858 49.0306 86.26703 85.2115 75.82216 56.82429 87.41853 57.89133 72.86288 60.41523 54.12947 81.46779 60.60116 103.4698 97.00515 64.73407 64.2573 69.2315 63.96701 104.0012 65.45991 62.95325 89.98785 67.20305 67.10274 88.45903 104.3504 92.02174 69.92138 110.4219 86.60831 97.71459 82.8553 74.94832 73.97973 87.66413 81.00772 109.2245 91.7878 91.42483 97.16995 97.5833 95.54318 97.73945 107.5407 100.2735 99.40378 116.4989 103.4354 110.2463 107.3546 106.1037 118.4314 114.0395 119.4414 195.0205 152.166 185.0601 184.2017 155.3963 167.3302 165.0515 167.344 176.3859 178.2386 174.7411 177.6879 182.4637 182.2533 186.0753 186.4606 195.2574 197.0913 244.2007 202.5957 210.1589 247.4187 250.7269 254.9451 284.392 237.0338 242.4232 307.6543 219.8045 241.9551 244.708 245.8236 244.1823 256.7431 223.7878 245.9776 297.1368 230.7097 225.8008 274.167 261.2221 233.7734 235.3423 278.0378 246.4253 241.0996 242.4046 244.149 272.8369 311.8976 284.8754 257.6572 281.8865 288.1736 323.0267 288.6174 337.2395 307.2475 288.8903 306.7157 303.9482 306.4719 298.9252 304.8541 306.8876 308.5207 309.0906 309.3429 311.1222
6.670832 34.6659 38.89087 14.71394 0 38.52921 23.6326 7.086764 19.03943 10.5119 33.94849 12.74755 32.26841 10.70047 8.514693 13.50926 30.51639 15.15292 16.32483 28.85308 13.94633 19.13766 67.54628 26.70674 17.73415 20.70024 65.18052 29.12902 22.72843 67.38323 69.73701 73.58178 66.772 33.94113 38.19031 37.50333 76.04275 67.78274 130.4167 49.11721 183.8865 78.65431 47.42362 40.52777 79.45124 84.08759 70.51596 47.74149 87.98011 46.2277 91.53415 86.99713 90.13601 85.6417 93.52381 62.32576 89.26646 54.24546 87.98082 69.1748 51.67688 97.32677 96.06508 85.83997 63.07535 98.29802 63.28038 81.91764 66.65208 56.57296 91.39201 66.21933 114.4225 107.5384 69.63476 68.64765 74.70007 67.02943 114.6484 69.28564 63.56318 99.05333 70.76192 69.8399 97.24454 114.4137 100.71 73.14711 120.7994 94.05583 106.2907 88.94099 77.60316 76.30531 94.31066 83.46406 117.433 96.40799 94.37161 101.7079 101.7104 98.4124 101.3237 113.5011 103.8538 101.9916 123.3795 107.3595 115.5216 112.2074 110.6187 125.03 105.9835 124.8169 182.5445 158.4045 173.0763 172.3724 161.5008 172.5564 169.6246 171.728 181.8035 183.7457 178.9179 181.9244 187.2765 186.8643 190.5794 190.6711 199.0886 201.0435 233.6932 203.3925 210.7555 237.3868 240.7914 244.8152 272.9578 228.7367 233.8001 296.8927 215.4774 233.6605 236.1878 237.0891 235.8273 247.2903 219.1084 237.6647 285.7783 232.0143 225.0078 264.4786 252.0407 234.7009 230.5266 268.4744 247.8261 237.6521 239.5005 240.7642 264.1827 301.5512 276.4281 256.0806 273.8147 280.1259 312.8886 280.96 327 298.8687 290.2211 298.6168 297.0269 299.5638 300.3752 298.2893 300.6235 302.3218 302.8077 303.3356 304.9992
40.79216 63.16548 7 24.33105 38.52921 0 15.0333 43.33654 20.22375 29.15476 6.403124 27.29469 8.902247 47.26521 38.63936 49.49747 12.41974 47.45641 50.21952 17.69181 43.68066 51.10039 30.88689 23.04886 35.34119 53.16014 29.41088 23.34524 52.75221 31.62278 34.12111 38.40284 32.55764 26.76752 27.313 29.06888 41.86884 35.4683 167.7255 29 193.0867 44.68781 30.70016 32.69557 46.01087 50.36423 40.22437 33.45519 54.03702 35.78407 57.62812 53.8145 56.72742 53.03772 60.47791 40.79216 57.28001 44.58403 57.07999 46.76166 46.17359 65.06919 64.3506 56.61272 46.09772 66.46804 48.62516 55.47071 49.25444 50.69517 62.20129 50.56184 82.13404 76.38063 55.52027 56.00893 58.55083 58.08997 83.09182 58.07753 61.36593 71.84575 60.102 61.43922 70.83078 84.29116 74.43118 63.12686 89.80535 71.30919 80.12963 70.0928 68.68224 68.35934 73.68175 74.60731 91.92388 81.04937 83.53742 86.31338 87.39851 87.56997 88.45903 93.92018 90.88515 91.71574 101.1336 93.33929 97.66396 95.56673 94.92102 103.4698 123.4058 106.4249 211.4545 137.1368 200.5307 199.3646 140.5276 153.6574 152.427 154.9839 162.3083 164.003 162.6072 165.4237 169.2483 169.3524 173.2974 174.1343 183.4269 185.054 256.363 195.5019 203.3076 258.6426 261.748 266.3175 298.2381 245.0816 251.0319 320.0513 221.0204 249.9645 253.1127 254.6159 252.2875 266.8127 225.5682 253.9941 310.7833 222.5313 221.0566 284.5961 270.7563 226.1725 237.2551 288.21 237.9717 240.6346 241.0145 243.5538 281.3254 323.4534 292.9198 253.9434 289.2542 295.4657 334.1351 295.1949 348.5032 315.0635 280.2868 314.0167 309.1221 311.6103 290.0832 309.3865 310.8762 312.386 313.1022 312.8658 314.8412
26.57066 49.62096 17 10.29563 23.6326 15.0333 0 28.30881 5.385165 14.14214 10.44031 12.36932 9.17878 32.24903 23.76973 34.52535 8.902247 32.7838 35.44009 11.18034 29.15476 36.5821 44.27189 14.22146 22.02272 38.62642 42.15448 16.03122 38.58862 44.38468 46.81079 50.84727 44.29447 21.50581 24.33105 25.07987 53.7122 46.04346 152.8039 31.76476 187.1102 56.4358 31.66228 29.06888 57.45433 62.02598 49.67897 33.38038 65.8635 33.94849 69.46222 65.19202 68.26419 64.07027 71.8389 45.27693 68.00735 43.22888 67.19468 52.00078 43.01163 76.02631 75 65.79514 48.46648 77.20104 49.96905 63.12686 52 48.04165 71.44928 52.50238 93.2309 86.83317 56.94295 56.75385 61.07209 57.22859 93.80432 58.24946 57.74465 80.18299 60.11032 60.48783 78.74643 94.26028 82.32861 62.96825 100.2646 77.38863 88.04013 74.24958 68.23672 67.47592 78.77182 74.31857 99.63935 83.81527 84.33564 89.19641 89.8137 88.4562 90.24965 98.83825 92.76553 92.43616 107.3778 95.72646 101.8393 99.16148 98.0816 109.4166 114.057 110.9471 198.8291 143.2079 188.3345 187.3106 146.4855 158.7633 156.7801 159.154 167.72 169.5317 166.6307 169.5435 174.0488 173.9289 177.792 178.3109 187.2684 189.0423 245.8373 196.1556 203.814 248.6001 251.8134 256.205 286.9011 236.7129 242.3654 309.4512 216.5179 241.6221 244.5588 245.8541 243.8955 257.381 220.7374 245.6522 299.5517 223.9368 220.2272 274.9898 261.6123 227.2004 232.3618 278.7418 239.5764 237.1687 238.1134 240.1706 272.7526 313.286 284.598 252.5 281.3006 287.5587 324.2056 287.6839 338.5004 306.8827 282.0267 306.1184 302.4111 304.9213 291.9884 303.0413 304.8442 306.4262 307.0586 307.1042 308.9676
12.24972 27.70734 44.50531 20.70561 7.086764 43.33654 28.30881 0 23.18165 14.19116 38.16703 16.16753 36.20505 4.006938 6.059886 6.637436 33.92353 8.329999 9.240611 31.25256 8.249579 12.15753 71.04967 27.99057 15.79205 13.64022 68.44503 30.18922 15.88183 70.60257 72.8707 76.52051 69.58009 34.20851 38.50613 37.43513 78.65572 70.10508 124.6487 49.96721 177.8433 81.16684 47.79702 39.93397 81.80906 86.45005 72.3099 47.63898 90.35147 45.53997 93.85124 89.17056 92.32942 87.68156 95.57506 62.65824 91.09366 52.81427 89.55732 69.40731 49.63925 99.11974 97.73121 87.05969 62.52511 99.96694 62.29335 82.60784 66.03072 54.31441 92.50976 65.29336 116.0548 108.9314 68.29755 67.07748 73.5703 64.85411 116.0796 67.43433 60.33287 99.60648 68.76146 67.46892 97.64932 115.4761 101.0349 70.95578 122.0303 93.74463 106.5159 87.96243 75.08976 73.65724 93.5738 80.79484 117.3885 94.63644 91.82713 99.85684 99.66221 95.8013 99.02216 112.2797 101.533 99.22729 122.5835 105.1774 113.945 110.4418 108.6986 124.0782 99.40182 123.2429 175.4956 157.144 165.9948 165.287 160.1626 170.7479 167.5054 169.5132 180.0687 182.0514 176.5882 179.6164 185.2333 184.7245 188.381 188.3329 196.5572 198.565 226.6555 199.5313 206.8025 230.3954 233.8106 237.8124 265.872 222.0136 227.0155 289.8328 209.7651 226.9364 229.4211 230.2842 229.0911 240.3707 213.2871 230.9359 278.6936 228.3238 220.495 257.525 245.1599 230.8522 224.6569 261.5366 244.1582 232.1983 234.2237 235.3283 257.3857 294.5228 269.6653 251.2505 267.123 273.4375 305.8793 274.3502 319.98 292.1142 286.487 291.9148 290.5751 293.1144 296.683 291.9213 294.3287 296.0429 296.5075 297.105 298.7386
22.82542 44.35208 22.36068 8.062258 19.03943 20.22375 5.385165 23.18165 0 9 15.0333 7.071068 13.2382 27.07397 18.43909 29.27456 11.6297 27.40641 30.08322 11.40175 23.76973 31.19695 48.50773 12.25765 16.97056 33.24154 46.17359 14.56022 33.22772 48.38388 50.75677 54.66057 47.92703 20.2608 23.76973 24.04163 57.27128 49.24429 147.5151 32.80244 183.7454 59.9333 32.07024 27.89265 60.82763 65.44378 52.43091 33.32041 69.31811 33.20392 72.89719 68.47627 71.58911 67.23095 75.07215 46.40043 71.02112 42.31906 69.98303 53.23744 41.4367 79.07591 77.93587 68.24954 48.76474 80.1561 49.86638 65.05382 52.35456 46.52956 73.87828 52.55949 96.25487 89.627 56.73183 56.30275 61.18823 56.19114 96.67083 57.56735 55.70258 82.20592 59.34012 59.36703 80.62258 96.82975 84.17244 62.0967 103.0049 78.60025 89.85238 74.79305 67.19561 66.28725 79.61156 73.26834 101.3163 83.7735 83.58529 89.15716 89.6019 87.7069 89.81091 99.47864 92.34236 91.60119 108.4666 95.46669 102.1922 99.31767 98.0867 110.3857 109.7725 111.3833 193.6595 144.1128 183.2545 182.2615 147.3397 159.2708 157.0127 159.3142 168.3241 170.1764 166.7217 169.6644 174.4133 174.2104 178.0365 178.437 187.2568 189.082 241.1327 194.9872 202.5839 244.0184 247.259 251.6029 281.9915 232.5941 238.1596 304.7137 213.5907 237.5084 240.3838 241.6201 239.7666 252.9585 217.7016 241.5367 294.6646 222.9993 218.5154 270.515 257.2664 226.1261 229.2968 274.3028 238.6937 234.5592 235.6884 237.5856 268.561 308.6562 280.4728 250.5499 277.2814 283.5507 319.6346 283.7904 333.9079 302.7904 281.1582 302.1068 298.7482 301.264 291.1722 299.4879 301.3851 302.9884 303.5951 303.7269 305.5552
15.55635 37.27755 30.67572 8.602325 10.5119 29.15476 14.14214 14.19116 9 0 24.02082 2.236068 22.14159 18.11077 9.848858 20.39608 20.13082 19.0817 21.54066 18.35756 15.81139 23.07054 57.27128 16.62077 12.36932 25.05993 54.81788 19.10497 25.60014 57.00877 59.34012 63.14094 56.30275 24.30021 28.42534 28.01785 65.55151 57.27128 138.6832 38.94868 181.438 68.15424 37.50333 31.38471 68.942 73.57913 60.03332 38.1084 77.47258 37.04727 81.02469 76.48529 79.62412 75.13322 83.01402 52.3259 78.77182 45.57853 77.51855 59.19528 43.65776 86.83317 85.58621 75.45197 53.60037 87.81799 54.12861 71.70077 57.2014 48.70318 81.02469 56.99561 103.9423 97.09789 60.71655 59.94164 65.57591 58.92745 104.1981 60.83584 56.74309 88.8612 62.44397 61.91482 87.11487 104.0433 90.60905 65 110.3857 84.29116 96.22563 79.6304 69.75851 68.62215 84.81156 75.74464 107.4802 87.70975 86.44362 93.05912 93.2443 90.53452 93.10746 104.2929 95.64576 94.2644 113.8508 98.99944 106.5892 103.4456 102 115.6028 105.5509 115.8588 186.6789 149.1459 176.6104 175.7249 152.2958 163.7126 161.059 163.2483 172.8872 174.7942 170.5377 173.5195 178.6197 178.2954 182.0604 182.2843 190.8825 192.7823 235.6014 196.7562 204.2372 238.8179 242.1281 246.3433 275.8488 228.5542 233.9081 299.0613 212.132 233.4764 236.2041 237.2978 235.6968 248.1633 216.0208 237.4974 288.5849 225.1121 219.3171 265.5766 252.6599 228.0088 227.5434 269.4531 240.8787 233.6942 235.1723 236.7643 264.3218 303.2954 276.3838 250.8909 273.441 279.732 314.4253 280.232 328.6373 298.7658 283.3277 298.2692 295.6899 298.2164 293.4199 296.6648 298.7608 300.4081 300.9601 301.2723 303.0264
37 56.92488 12.08305 20.61553 33.94849 6.403124 10.44031 38.16703 15.0333 24.02082 0 22 2.5 42.0119 33.13608 44.10215 6.020797 41.71064 44.55334 11.31371 37.85499 45.23549 33.83785 16.65083 29.15476 47.29693 31.7805 17.02939 46.71276 34.0147 36.45888 40.55175 34.1321 20.79663 21.84033 23.4094 43.56604 36.23534 162.1095 25.4951 187.5496 46.32494 26.54242 27.20294 47.43416 51.95725 40.31129 29.00431 55.75841 30.83018 59.36329 55.21775 58.24946 54.20332 61.88762 38.27532 58.25805 39.91119 57.66823 44.66314 41 66.21933 65.29931 56.63921 42.75512 67.47592 44.91833 54.6443 46.09772 45.70558 62.28965 47.10096 83.40863 77.23341 51.90857 52.15362 55.38592 53.70392 84.12045 54.03702 56.19114 71.45847 56.02009 57.04774 70.21396 84.8646 73.81734 59.00847 90.68627 69.77105 79.54043 67.6757 64.5 64.03124 71.69379 70.50709 91.26336 78.1025 79.85299 83.43261 84.33564 83.93152 85.15868 91.92388 87.62673 88.03093 99.76472 90.28412 95.35329 93.00538 92.17917 101.9657 117.2007 104.2845 205.061 135.7442 194.1277 192.9618 139.0863 151.8433 150.2831 152.7645 160.6393 162.3884 160.3333 163.1931 167.3141 167.3208 171.2338 171.9353 181.0942 182.784 250.05 191.9427 199.7008 252.3826 255.5015 260.05 291.8624 239.069 244.9694 313.735 215.8634 243.9575 247.0695 248.5382 246.2722 260.6338 220.327 247.9879 304.4146 219.2628 217 278.3948 264.6205 222.7667 232.0022 282.0284 234.7853 235.7711 236.3155 238.7151 275.2835 317.1839 286.9233 249.7003 283.3249 289.5462 327.8952 289.3527 342.255 309.0955 277.1678 308.1014 303.451 305.9444 287.0301 303.7976 305.3604 306.8876 307.5841 307.415 309.3639
17.69181 38.14178 29.15476 8.544004 12.74755 27.29469 12.36932 16.16753 7.071068 2.236068 22 0 20.05617 20.02498 11.40175 22.2036 17.95132 20.48848 23.08679 16.12452 17 24.37724 55.10898 14.53444 12.08305 26.40076 52.63079 17.02939 26.66879 54.81788 57.14237 60.92983 54.08327 22.32711 26.40076 26.07681 63.32456 55.03635 140.4518 36.79674 180.9451 65.9242 35.41892 29.52965 66.70832 71.34579 57.80138 36.10055 75.23962 35.1639 78.79086 74.24958 77.38863 72.89719 80.77796 50.20956 76.53757 43.80909 75.29027 57.08086 42.05948 84.59905 83.35466 73.23933 51.61395 85.58621 52.22218 69.52697 55.21775 47.12749 78.81624 55.06814 101.7104 94.8736 58.86 58.13777 63.66475 57.27225 101.9718 59.09315 55.40257 86.6909 60.73096 60.29741 84.95881 101.8332 88.45903 63.32456 108.1665 82.21922 94.08296 77.66595 68.14873 67.05222 82.80097 74.15693 105.3613 85.88364 84.79682 91.24144 91.46857 88.89601 91.38928 102.3426 93.92787 92.65767 111.8258 97.24482 104.7008 101.5972 100.1848 113.6002 105.5462 113.9616 187.5793 147.1751 177.3891 176.466 150.3363 161.8308 159.2388 161.4466 170.9883 172.8872 168.7566 171.7323 176.7767 176.4717 180.2471 180.4998 189.136 191.0236 236.0191 195.351 202.856 239.1339 242.4232 246.6779 276.4659 228.5301 233.9444 299.5217 211.4356 233.4507 236.2203 237.3547 235.682 248.3586 215.3787 237.4742 289.182 223.6439 218.1124 265.816 252.8003 226.5855 226.9207 269.6665 239.3983 232.8605 234.2584 235.9208 264.3577 303.6653 276.3784 249.7884 273.3661 279.6516 314.7495 280.0803 328.981 298.744 281.854 298.1954 295.4057 297.9295 291.9319 296.3191 298.3639 300 300.5661 300.8322 302.6054
35.65459 54.48057 14.32655 19.47434 32.26841 8.902247 9.17878 36.20505 13.2382 22.14159 2.5 20.05617 0 40.00312 31.03627 42.02678 3.535534 39.48453 42.35859 8.845903 35.59846 42.95346 35.30227 14.1598 26.74416 45.01389 33.06433 14.60308 44.35461 35.2881 37.69615 41.69766 35.11766 18.5809 19.90603 21.36001 44.5337 36.90867 159.8953 24.5204 185.4442 47.25727 25.24381 25.224 48.28302 52.85016 40.69705 27.54088 56.68554 29.10756 60.28474 56.02901 59.09526 54.9295 62.68136 37.61981 58.90034 38.28276 58.16464 44.14638 39.13119 66.90478 65.91092 56.92319 41.7163 68.1047 43.70962 54.60082 45.12483 43.91184 62.57995 45.99185 84.10856 77.78335 50.71735 50.85519 54.37693 52.16667 84.72603 52.65216 54.29267 71.54064 54.61227 55.501 70.20862 85.29508 73.80549 57.57821 91.22637 69.39921 79.5275 66.94961 63.03174 62.5 71.13543 69.06519 91.20444 77.13786 78.5764 82.48788 83.31416 82.66952 84.03719 91.33044 86.51991 86.745 99.41454 89.25883 94.62822 92.18053 91.28116 101.5591 114.8053 103.6195 202.5617 135.356 191.6285 190.4639 138.6768 151.2787 149.5869 152.037 160.1289 161.8989 159.5808 162.4569 166.6951 166.6628 170.5616 171.2087 180.3109 182.0254 247.601 190.66 198.3972 249.9585 253.0835 257.6223 289.382 236.7557 242.634 311.2842 213.9165 241.6464 244.7426 246.1961 243.9575 258.2465 218.3443 245.6771 301.9379 218.093 215.5093 275.9971 262.2523 221.5406 230.0136 279.6395 233.6461 233.945 234.5576 236.899 272.9565 314.7549 284.616 248.129 281.0467 287.2721 325.4796 287.1119 339.8356 306.8 276.0503 305.8288 301.2827 303.7783 285.9379 301.6641 303.2577 304.7921 305.4804 305.3396 307.2772
14.76482 24.98657 48.50773 24.69818 10.70047 47.26521 32.24903 4.006938 27.07397 18.11077 42.0119 20.02498 40.00312 0 9.219544 2.828427 37.61981 6.741249 6.324555 34.71311 8.602325 9.708244 74.67262 31.14884 18.02776 10.77033 72.00694 33.24154 13.64641 74.1485 76.38881 79.97569 73.00685 36.91206 41.18252 39.96248 82.0061 73.37575 120.6549 52.7731 176.1215 84.48077 50.42321 42.2019 85.07056 89.70631 75.39231 50.06246 93.60556 47.71268 97.08244 92.358 95.51963 90.82401 98.71083 65.19202 94.15413 54.56558 92.52635 71.87347 51.08816 102.1567 100.7224 89.89438 64.66065 102.9563 64.21765 85.23497 68.11755 55.60576 95.29428 67.23466 119.0126 111.8034 70.01785 68.68042 75.37772 66.13454 118.959 68.88396 61.00091 102.1436 70.12311 68.62539 100.1249 118.2074 103.4698 72.20111 124.8239 95.90099 108.8979 89.80535 76.13311 74.62573 95.52487 81.72668 119.6328 96.04686 92.80356 101.2126 100.9084 96.729 100.1249 113.9517 102.6196 100.0555 124.4588 106.337 115.4264 111.8258 110 125.873 97.12363 124.7127 171.8982 158.7467 162.5235 161.8556 161.722 172.0448 168.6298 170.5814 181.4001 183.4039 177.585 180.6239 186.3894 185.8259 189.4466 189.3176 197.4237 199.4618 223.5442 199.552 206.7569 227.4071 230.8463 234.7957 262.5147 219.4926 224.4037 286.64 208.3459 224.4131 226.8355 227.6406 226.5502 237.5311 211.7664 228.4053 275.353 228.4471 220.0454 254.6171 242.3902 230.8679 223.0874 258.66 244.2908 231 233.1738 234.1444 254.7509 291.4346 267.0805 250.5519 264.6394 270.9576 302.842 271.9743 316.914 289.5393 286.5632 289.4141 288.3895 290.9313 296.7849 289.831 292.3183 294.0493 294.4911 295.1627 296.7642
15.13275 28.09834 40.49691 17.80449 8.514693 38.63936 23.76973 6.059886 18.43909 9.848858 33.13608 11.40175 31.03627 9.219544 0 11 28.51754 9.261629 11.7047 25.4951 6.403124 13.31353 65.49046 22.00568 10 15.26434 62.80127 24.16609 16.16244 64.93843 67.17328 70.75623 63.78871 28.15138 32.44996 31.40064 72.8011 64.19502 129.0862 43.909 175.6236 75.28612 41.74326 33.97058 75.89466 80.53295 66.30988 41.62031 84.43341 39.60429 87.92042 83.21658 86.37708 81.70679 89.59815 56.61272 85.08819 47.07338 83.52619 63.37144 44.10215 93.10746 91.70605 81.00617 56.58622 93.94147 56.44605 76.55064 60.10824 48.8774 86.4523 59.43484 110.0227 102.8834 62.54998 61.40033 67.7702 59.3979 110.0329 61.85467 55.40257 93.55647 63.23962 62.10028 91.60786 109.4166 95 65.51336 115.9741 87.78383 100.4907 82.13404 69.79434 68.42514 87.69265 75.57943 111.3957 89.05055 86.55923 94.3027 94.18333 90.56765 93.64828 106.527 96.16883 94.07149 116.7262 99.75581 108.3017 104.8618 103.1746 118.2582 98.23441 117.6021 177.2343 151.415 167.3546 166.533 154.4571 165.2005 162.0771 164.125 174.4964 176.4653 171.2506 174.2699 179.7776 179.3077 182.9891 183.001 191.3142 193.2977 227.0352 195.059 202.3962 230.4886 233.8482 237.9664 266.8582 221.1425 226.3184 290.3854 207.0676 226.0669 228.6709 229.6481 228.2542 240.1333 210.7368 230.0782 279.6306 223.7371 216.5294 257.4278 244.7734 226.3736 222.1734 261.3695 239.5576 229.1768 231 232.2856 256.7197 294.8213 268.8959 247.5707 266.1597 272.4647 306.056 273.1831 320.2195 291.3177 281.933 290.9751 289.0614 291.5956 292.1014 290.243 292.515 294.2006 294.7032 295.1779 296.8636
17.49286 22.39852 50.96077 27.313 13.50926 49.49747 34.52535 6.637436 29.27456 20.39608 44.10215 22.2036 42.02678 2.828427 11 0 39.51266 5.547772 4 36.34556 8.602325 7.5 76.41989 32.5 18.78829 8.246211 73.68175 34.48188 11.4366 75.80237 78.00801 81.5196 74.52516 37.82195 42.04759 40.70626 83.43261 74.72617 118.2872 53.7122 173.8729 85.86617 51.21035 42.72002 86.40023 91.02686 76.55064 50.6779 94.92102 48.13003 98.37174 93.60556 96.76776 92.02717 99.90159 65.8635 95.27329 54.62664 93.55814 72.47519 50.93133 103.2473 101.7693 90.80198 65 104 64.38871 85.95929 68.41053 55.31727 96.15092 67.41291 120.0167 112.7298 70.01785 68.593 75.43607 65.81118 119.8885 68.68042 60.25317 102.7731 69.85163 68.20639 100.7025 119 104.0096 71.8401 125.6702 96.2133 109.3885 89.87213 75.61911 74.06079 95.67131 81.1249 120 95.77578 92.21985 100.896 100.5112 96.10671 99.62429 113.864 102.1051 99.36018 124.5231 105.872 115.1922 111.5213 109.6358 125.873 94.64143 124.4639 169.071 158.5828 159.6973 159.0322 161.524 171.6467 168.1071 170.0176 181.0249 183.0437 176.9683 180.0139 185.8844 185.2815 188.8756 188.6891 196.7099 198.7687 220.7714 198.2751 205.4368 224.6642 228.1096 232.0453 259.6982 216.8986 221.7769 283.8494 206.2426 221.8181 224.218 225.0028 223.9487 234.8297 209.6115 225.8074 272.5385 227.23 218.4765 251.8954 239.7102 229.5822 220.9072 255.9473 243.0773 229.0087 231.2618 232.1604 252.1151 288.6661 264.4617 248.8338 262.0572 268.3766 300.0854 269.4327 314.1504 286.9233 285.3087 286.8249 285.9239 288.4666 295.5457 287.4056 289.9276 291.6659 292.0976 292.802 294.3892
34.44198 51.18436 17.75528 18.82153 30.51639 12.41974 8.902247 33.92353 11.6297 20.13082 6.020797 17.95132 3.535534 37.61981 28.51754 39.51266 0 36.68371 39.61376 5.315073 32.74523 40.03124 37.16517 10.63015 23.56374 42.08622 34.68789 11.1018 41.26798 36.88157 39.22372 43.0739 36.30771 15.33786 17.06605 18.33712 45.64263 37.64638 157.0487 23.04886 182.2384 48.30373 23.28626 22.27667 49.2062 53.81888 41.00305 25.31798 57.69099 26.5 61.27193 56.87047 59.97708 55.65294 63.47896 36.47259 59.4916 35.76175 58.55019 43.1564 36.28016 67.53703 66.43982 57.01096 40.00312 68.65311 41.74963 54.23329 43.4885 41.14912 62.6598 44.16163 84.73045 78.20006 48.75705 48.74679 52.65786 49.72955 85.2115 50.42073 51.37471 71.30437 52.34501 53.04427 69.85163 85.52923 73.43194 55.27432 91.60922 68.52919 79.14208 65.59154 60.66712 60.05206 70.00179 66.72706 90.73726 75.43375 76.44769 80.80377 81.52454 80.55588 82.11121 90.11798 84.61104 84.59528 98.53045 87.45745 93.2309 90.64905 89.65071 100.5945 111.3115 102.2961 199.076 134.3922 188.1174 186.9465 137.6817 150.0642 148.1933 150.5996 158.9851 160.7832 158.1066 161.0039 165.4003 165.3149 169.1929 169.7658 178.7886 180.536 244.0722 188.4708 196.1792 246.4432 249.5721 254.1048 285.8469 233.3308 239.1887 307.7545 210.8916 238.2236 241.305 242.7447 240.5312 254.7572 215.2771 242.2545 298.4024 216.047 213.0475 272.5 258.7784 219.4203 226.9389 276.149 231.6381 231.0633 231.759 234.0293 269.5186 311.2364 281.1961 245.5616 277.6549 283.8842 321.9697 283.7574 336.3231 303.3912 274.0657 302.4421 298.0038 300.5017 283.9859 298.4229 300.0504 301.5929 302.2718 302.1626 304.0876
20.56156 19.52589 49.64317 27.00823 15.15292 47.45641 32.7838 8.329999 27.40641 19.0817 41.71064 20.48848 39.48453 6.741249 9.261629 5.547772 36.68371 0 3.073181 33.00168 4.013865 4.126473 73.07606 28.69427 14.39136 6.009252 70.20288 30.47039 7.581455 72.27801 74.41345 77.78175 70.75859 33.31083 37.45368 35.97839 79.49284 70.68317 120.4107 49.15734 169.6675 81.85624 46.48596 37.75064 82.30296 86.90864 72.22265 45.77511 90.78974 43.05358 94.19719 89.37623 92.53528 87.73698 95.58472 60.98178 90.86498 49.28841 89.03971 67.51651 45.49115 98.79327 97.26139 86.13813 59.83124 99.4859 59.10528 81.1035 63.20425 49.82748 91.42453 62.13113 115.4417 108.0684 64.63444 63.16996 70.07932 60.30755 115.226 63.21216 54.70832 97.81236 64.36118 62.68085 95.69628 114.1889 98.96857 66.3258 120.9123 91.00061 104.3035 84.51298 70.07873 68.51602 90.35363 75.57796 114.8163 90.27981 86.6734 95.38751 94.98567 90.55907 94.08389 108.4271 96.56316 93.81365 119.153 100.3355 109.7043 106.0147 104.1159 120.4718 91.07384 118.9707 168.1402 153.1131 158.3947 157.6209 156.0431 166.1178 162.5632 164.4712 175.4996 177.5212 171.4205 174.4662 180.3417 179.736 183.3288 183.1413 191.1654 193.223 218.5988 192.9018 200.0887 222.2464 225.646 229.6819 258.0778 213.6924 218.7093 281.8454 201.7526 218.6154 221.1096 221.985 220.7724 232.1388 205.2148 222.6158 270.8758 221.8257 213.3107 249.3264 236.8989 224.2144 216.5582 253.3215 237.6714 224.3356 226.4747 227.4762 249.0839 286.4421 261.3531 243.8121 258.7974 265.1115 297.7595 266.0203 311.8808 283.8 279.9244 283.5906 282.2604 284.8001 290.1535 283.6244 286.0515 287.7704 288.2287 288.8479 290.4716
21.0238 18.68386 52.20153 29.15476 16.32483 50.21952 35.44009 9.240611 30.08322 21.54066 44.55334 23.08679 42.35859 6.324555 11.7047 4 39.61376 3.073181 0 36.01389 7.071068 3.5 76.10519 31.75295 17.46425 4.472136 73.24616 33.54102 7.440924 75.32596 77.46774 80.84622 73.82412 36.36619 40.49691 39 82.56513 73.75636 117.5575 52.20153 169.9068 84.92938 49.50253 40.70626 85.37564 89.98086 75.28612 48.74679 93.8616 45.96194 97.26767 92.44458 95.60335 90.80198 98.64749 63.95311 93.92018 52.01989 92.08216 70.46029 48.10405 101.843 100.3045 89.15716 62.68174 102.528 61.87816 84.07735 66.0303 52.34501 94.42987 64.90377 118.4736 111.0856 67.30899 65.79514 72.78049 62.78358 118.2423 65.76473 56.86045 100.7488 66.86741 65.08541 98.61541 117.1708 101.8725 68.76772 123.9072 93.81365 107.1863 87.20665 72.40338 70.80254 93.08598 77.82834 117.6435 92.76314 88.92975 97.8366 97.37813 92.782 96.40021 111.018 98.86748 95.97453 121.8277 102.6753 112.2018 108.4666 106.527 123.1097 90.80198 121.4547 166.352 155.6422 156.7819 156.0617 158.5497 168.4856 164.8393 166.7153 177.882 179.9139 173.6216 176.672 182.628 181.9924 185.564 185.3309 193.2842 195.3586 217.4488 194.4865 201.6261 221.2374 224.6642 228.6416 256.6331 213.1783 218.1032 280.6053 202.2474 218.0992 220.5305 221.3464 220.2385 231.2942 205.6234 222.0923 269.4536 223.4714 214.56 248.4086 236.1292 225.7875 216.9239 252.4381 239.3198 225.0089 227.2664 228.1607 248.4552 285.3246 260.7758 244.8719 258.3215 264.6394 296.7006 265.6501 310.7901 283.2331 281.528 283.098 282.0718 284.6138 291.7726 283.5242 286.0245 287.7586 288.1961 288.8823 290.4772
33.6006 46.45322 23.02173 19.41649 28.85308 17.69181 11.18034 31.25256 11.40175 18.35756 11.31371 16.12452 8.845903 34.71311 25.4951 36.34556 5.315073 33.00168 36.01389 0 29 36.0867 40.11234 5.408327 19.23538 38.11824 37.33631 5.830952 36.99145 39.45884 41.68033 45.27447 38.32754 10.6066 13.15295 14 47.43416 39 153.0505 21.40093 177.2989 49.98 20.79663 18 50.69517 55.33735 41.67733 22.2991 59.23681 22.7706 62.76942 58.18075 61.32699 56.79789 64.68445 35 60.41523 32.05572 59.17453 41.83568 32.01562 68.47627 67.23095 57.2014 37.57659 69.46222 38.90574 53.75872 41.14608 37 62.80127 41.50301 85.58621 78.77182 45.85303 45.60702 50.10788 46.05914 85.86181 47.07441 46.93376 70.9247 48.93107 49.32658 69.29646 85.8021 72.83543 51.78803 92.08692 67.20119 78.5047 63.52952 57.06356 56.32051 68.26419 63.14468 89.93887 72.8011 73.16078 78.18568 78.74325 77.28195 79.12016 88.19297 81.64013 81.25748 97.08244 84.6437 91.01786 88.23831 87.09191 99.0202 106.0189 100.1761 193.9124 132.7648 182.8958 181.7092 136.0037 148.0446 145.9075 148.2464 157.0637 158.9025 155.6924 158.619 163.2483 163.0836 166.9281 167.3898 176.2889 178.0842 238.7572 184.9811 192.6445 241.1327 244.2642 248.7931 280.5504 228.1096 233.9444 302.4397 206.1965 233.0048 236.0693 237.4937 235.3083 249.4674 210.5232 237.0359 293.1011 212.7575 209.1531 267.203 253.5035 216.0208 222.1734 270.8579 228.3997 226.5657 227.3785 229.5481 264.282 305.9242 275.9801 241.5083 272.472 278.7059 316.6627 278.6198 331.0144 298.1879 270.8514 297.265 292.9616 295.4623 280.8171 293.4297 295.1017 296.6547 297.3214 297.2541 299.1622
20.09975 21.70472 46.09772 24.08319 13.94633 43.68066 29.15476 8.249579 23.76973 15.81139 37.85499 17 35.59846 8.602325 6.403124 8.602325 32.74523 4.013865 7.071068 29 0 7.433034 69.06519 24.68299 10.44031 9.486833 66.18912 26.4764 9.823961 68.26419 70.40064 73.77518 66.75328 29.43637 33.61547 32.20248 75.50497 66.70832 124.3129 45.31004 169.9818 77.87811 42.71417 34.1321 78.33901 82.94911 68.30813 42.10998 86.83317 39.52847 90.24965 85.44004 88.60023 83.81527 91.67103 57.3062 86.97701 46.09486 85.18876 63.89564 42.52058 94.92102 93.40771 82.34683 56.40035 95.63472 55.8203 77.41447 59.81639 47.01064 87.66413 58.84301 111.6154 104.2785 61.51829 60.1415 66.91039 57.53646 111.4372 60.30755 52.47645 94.19561 61.53251 60.02314 92.11406 110.4762 95.41488 63.60031 117.1708 87.61849 100.7884 81.34494 67.53703 66.03787 87.11487 73.1454 111.4002 87.45856 84.21698 92.61749 92.30655 88.15044 91.52595 105.4182 94.02187 91.49742 116 97.73547 106.8469 103.2327 101.4002 117.3797 92.11406 116.1303 170.9415 150.1882 160.9986 160.1632 153.1535 163.4436 160.0312 161.9877 172.8005 174.8056 169.0003 172.0378 177.7892 177.2294 180.8535 180.7351 188.8636 190.8953 220.64 191.3766 198.6282 224.116 227.4819 231.588 260.4632 214.9535 220.0841 283.984 201.7176 219.8778 222.4501 223.3993 222.0563 233.8055 205.2925 223.8861 273.233 220.2058 212.2499 251.0793 238.4722 222.6971 216.6887 255.0314 236.0441 224.0558 226.0354 227.1806 250.4795 288.4322 262.6823 243.0046 260 266.3081 299.6769 267.088 313.8351 285.1123 278.3535 284.8096 283.0945 285.6309 288.5589 284.3449 286.6775 288.3765 288.8616 289.3942 291.055
24.23324 15.55008 53.50934 31.10064 19.13766 51.10039 36.5821 12.15753 31.19695 23.07054 45.23549 24.37724 42.95346 9.708244 13.31353 7.5 40.03124 4.126473 3.5 36.0867 7.433034 0 76.00164 31.50397 17.00735 2.061553 73.0428 33.09456 3.951879 75.08162 77.16217 80.41576 73.38426 35.41539 39.42398 37.79219 81.95883 73.07701 117.0274 51.10039 166.4377 84.25705 48.23121 39.19503 84.62417 89.2028 74.33875 47.2705 93.06584 44.27471 96.42743 91.56009 94.7114 89.86239 97.6714 62.44397 92.86146 49.89057 90.91548 68.83969 45.7739 100.7286 99.13753 87.84219 60.79679 101.3521 59.81456 82.55453 64.08003 49.86231 93.03897 62.8351 117.2188 109.7463 65.04806 63.45274 70.56097 60.22758 116.8953 63.31074 53.96012 99.07604 64.34672 62.43686 96.88782 115.6601 100.0962 66.16079 122.451 91.8055 105.3464 84.96028 69.6563 68.01654 90.90792 75 115.6557 90.19008 86.10023 95.21686 94.69028 89.91802 93.62825 108.5875 96.08171 93.05211 119.5293 99.92567 109.638 105.8454 103.8569 120.7487 87.45427 118.8697 164.016 153.1086 154.2708 153.5008 155.9848 165.7494 162.0069 163.8513 175.1606 177.204 170.7162 173.7707 179.8034 179.1382 182.6889 182.4138 190.3051 192.3935 214.5606 191.1786 198.2979 218.255 221.6647 225.6795 253.9725 209.9315 214.8982 277.7829 198.7517 214.8534 217.313 218.1571 217.0006 228.2132 202.1342 218.8498 266.7742 220.1896 211.1356 245.3705 233.007 222.473 213.4391 249.3797 236.0386 221.509 223.7705 224.661 245.2616 282.4148 257.5582 241.4063 255.0593 261.3757 293.7516 262.3457 307.8624 280.0112 278.2248 279.8433 278.7046 281.2459 288.4762 280.1308 282.6115 284.3418 284.7846 285.4545 287.0562
70.83784 84.5995 34.82815 54.42426 67.54628 30.88689 44.27189 71.04967 48.50773 57.27128 33.83785 55.10898 35.30227 74.67262 65.49046 76.41989 37.16517 73.07606 76.10519 40.11234 69.06519 76.00164 0 44.5 59 78 3.605551 43.04649 76.50544 3.162278 4.609772 8.647415 7.615773 42.17227 39.29377 41.48494 13 12.64911 192.5527 30.41381 191.5835 15.65248 34.21257 42.72002 17.46425 20.98942 18.43909 37.15172 24.20744 41.38236 27.65863 24.69818 27.20294 24.59675 31.05363 31.40064 29.06888 45.74643 30.05204 33.22772 50.21952 36.05551 35.8469 31.57531 39.20459 37.73592 43.0454 34.0147 40.49691 52.49762 36.40055 43.13351 52.49762 47.70744 47.85917 49.64877 47.86021 54.5568 53.90037 52.43091 62.70389 46.99269 54.36221 57.40015 46.87217 56.0803 50.21952 57.14018 60.80296 51 55.5115 53.93515 62.33979 62.96825 55.14526 67.09136 67.05222 66.4906 72.74957 71.02112 72.95547 76.21352 75.18643 74.06079 77.22766 80.33541 78.44743 78.47434 79.00158 78.16009 78.40918 81.21576 131.5029 86.64439 226.4178 113.6684 214.3188 212.7516 117.1751 131.4603 131.5295 134.3503 139.4633 140.9433 142.0814 144.6824 147.299 147.7743 151.7959 153.1547 162.8786 164.2346 264.9151 180.4688 188.4308 265.906 268.7043 273.6951 308.704 248.3163 254.9216 328.3465 215.8703 253.0835 256.7081 258.7011 255.5015 272.4427 221.0543 257.07 320.8758 205.7529 208.4706 290.5211 275.632 210.0381 232.723 293.7567 220.6736 233.0601 232.28 235.7751 284.7069 330.5724 295.6011 242.1699 291.0842 297.1363 340.569 295.9358 355.0528 317.246 262.4063 315.5321 307.9164 310.3369 271.8515 307.3532 308.1331 309.4721 310.3691 309.5109 311.7194
32.1753 41.21225 28.11139 20.08109 26.70674 23.04886 14.22146 27.99057 12.25765 16.62077 16.65083 14.53444 14.1598 31.14884 22.00568 32.5 10.63015 28.69427 31.75295 5.408327 24.68299 31.50397 44.5 0 14.5 33.5 41.54816 2.5 32.11213 43.60333 45.72199 49.10222 42.08622 8.077747 11.92686 11.88486 50.93378 42.24038 148.2407 22.41093 173.0166 53.369 20.8866 15.66046 53.92819 58.5617 44.31986 21.63331 62.45999 21.07724 65.93368 61.21479 64.37585 59.70134 67.59311 35.71064 63.10507 30.10099 61.60864 42.5782 29.21044 71.13543 69.76568 59.2558 37.16517 72.00174 37.96421 55.21096 40.7707 34.2965 64.77075 40.74617 88.10363 81.05708 44.73533 44.19559 49.37054 43.93967 88.19297 45.37896 43.66953 72.34855 47.12749 47.1101 70.55671 87.78525 74.03546 49.86231 94.24038 67.68493 79.63672 63.23962 54.94088 54.03008 68.30264 61.01229 90.86391 71.80007 71.36 77.17675 77.5387 75.48013 77.66112 87.93321 80.19577 79.36011 97.31007 83.37749 90.42677 87.4314 86.11765 99.10727 100.9715 99.66193 188.5053 132.7225 177.5025 176.3236 135.9016 147.5529 145.1215 147.3813 156.6692 158.5505 154.7493 157.7062 162.5923 162.3392 166.1423 166.4783 175.2285 177.077 233.5343 182.7355 190.338 235.9815 239.1302 243.6314 275.2308 223.2627 229.0377 297.2099 202.3024 228.1633 231.1849 232.5683 230.4566 244.4182 206.5363 232.1944 287.7933 210.7426 206.3789 262.1243 248.506 213.8697 218.1656 265.803 226.4391 222.9602 223.9403 225.9656 259.394 300.7568 271.1425 238.5131 267.7111 273.9548 311.5325 273.9548 325.8731 293.379 268.9038 292.5154 288.4792 290.985 278.9211 289.035 290.7839 292.3547 293.0004 293.0038 294.8835
