0 85.72046 83.09996 70.04237 62.71314 70.01553 72.92457 134.7228
85.72046 0 120.2469 120.5492 116.3452 146.8122 149.277 220.4364
83.09996 120.2469 0 18.74092 24.83948 65.76896 65.9242 156.1085
70.04237 120.5492 18.74092 0 7.45356 47.75982 48.21364 138.4772
62.71314 116.3452 24.83948 7.45356 0 44.51841 45.39824 135.1719
70.01553 146.8122 65.76896 47.75982 44.51841 0 2.981424 90.76934
72.92457 149.277 65.9242 48.21364 45.39824 2.981424 0 90.28427
134.7228 220.4364 156.1085 138.4772 135.1719 90.76934 90.28427 0
