0 88.01845 103.6485 110.8042 132.949 133.9291 49.68542 51.38684
88.01845 0 16.9517 25.01908 48.46648 127.279 127.9453 127.7283
103.6485 16.9517 0 8.127275 31.53982 125.6688 141.2054 140.6901
110.8042 25.01908 8.127275 0 23.44782 124.5042 147.0835 146.4219
132.949 48.46648 31.53982 23.44782 0 126.6143 166.5443 165.5711
133.9291 127.279 125.6688 124.5042 126.6143 0 124.5577 121.1824
49.68542 127.9453 141.2054 147.0835 166.5443 124.5577 0 3.745831
51.38684 127.7283 140.6901 146.4219 165.5711 121.1824 3.745831 0
