0 101.7856 110.2168 87.80901 120.4085 126.6548 130.7231 134.1833 54.00402
101.7856 0 9.631793 14.01394 20.3074 27.44796 31.48239 126.0436 147.094
110.2168 9.631793 0 23.04667 10.73227 17.82586 21.87995 124.4881 154.1687
87.80901 14.01394 23.04667 0 33.72314 40.63558 44.74651 123.1986 133.8096
120.4085 20.3074 10.73227 33.72314 0 7.211103 11.18034 125.2201 163.2797
126.6548 27.44796 17.82586 40.63558 7.211103 0 4.123106 124.5448 168.5178
130.7231 31.48239 21.87995 44.74651 11.18034 4.123106 0 125.739 172.3231
134.1833 126.0436 124.4881 123.1986 125.2201 124.5448 125.739 0 132.6032
54.00402 147.094 154.1687 133.8096 163.2797 168.5178 172.3231 132.6032 0
