0 81.24866 33.72042 36.63465 37.25934 54.54547 58.85799 140.6917 120.4785
81.24866 0 109.1459 110.2576 109.0921 127.0049 131.4993 125.6532 43.10751
33.72042 109.1459 0 4.044505 6.792334 20.87588 25.14121 137.259 144.203
36.63465 110.2576 4.044505 0 3.162278 18.02776 22.46108 134.4243 144.5035
37.25934 109.0921 6.792334 3.162278 0 18.24829 22.7706 131.2845 142.7454
54.54547 127.0049 20.87588 18.02776 18.24829 0 4.527693 137.4062 159.5564
58.85799 131.4993 25.14121 22.46108 22.7706 4.527693 0 139.4749 163.8574
140.6917 125.6532 137.259 134.4243 131.2845 137.4062 139.4749 0 115.9141
120.4785 43.10751 144.203 144.5035 142.7454 159.5564 163.8574 115.9141 0
