0 147.8185 121.5985 122.4893 126.1838 126.1479
147.8185 0 191.7448 55.33907 53.03333 50.39576
121.5985 191.7448 0 201.4915 203.7635 202.1952
122.4893 55.33907 201.4915 0 3.952847 5.493683
126.1838 53.03333 203.7635 3.952847 0 2.733537
126.1479 50.39576 202.1952 5.493683 2.733537 0
