0 115.7167 88.86172 88.2278 79.22961 82.55166
115.7167 0 93.56286 100.5581 144.6245 146.2771
88.86172 93.56286 0 7.352683 60.16416 60.49195
88.2278 100.5581 7.352683 0 53.41926 53.58647
79.22961 144.6245 60.16416 53.41926 0 3.354102
82.55166 146.2771 60.49195 53.58647 3.354102 0
