0 119.8937 102.9927 109.9797 97.60487 88.28154 121.7921
119.8937 0 118.9736 151.1919 130.0594 172.9232 237.6198
102.9927 118.9736 0 203.7456 16.03122 78.1025 209.2949
109.9797 151.1919 203.7456 0 202.5889 196.8915 144.2937
97.60487 130.0594 16.03122 202.5889 0 62.36185 197.821
88.28154 172.9232 78.1025 196.8915 62.36185 0 149.9478
121.7921 237.6198 209.2949 144.2937 197.821 149.9478 0
