0 116.0427 137.135 128.7253 161.1544 134.5957 141.7682 129.0832 175.5896
116.0427 0 39.88642 48.91864 122.5778 49.88515 69.63949 128.0731 187.545
137.135 39.88642 0 17.99883 89.78737 14.28383 33.82443 107.0671 163.5882
128.7253 48.91864 17.99883 0 74.58456 6.251844 20.90805 89.11165 146.0352
161.1544 122.5778 89.78737 74.58456 0 75.82086 56.03738 46.62606 82.11585
134.5957 49.88515 14.28383 6.251844 75.82086 0 20.27247 93.30059 149.3896
141.7682 69.63949 33.82443 20.90805 56.03738 20.27247 0 79.01505 132.3324
129.0832 128.0731 107.0671 89.11165 46.62606 93.30059 79.01505 0 59.77667
175.5896 187.545 163.5882 146.0352 82.11585 149.3896 132.3324 59.77667 0
