0 69.73621 49.77227 56.81769 63.64843 67.12526 70.10794 71.41792 77.14865 122.3693 95.15908 96.87621 136.4588 137.7552 144.6998 117.8659 125.7746 157.3338 120.4326 160.5632 164.8054 201.8833 184.5561 190.7387 172.0262 177.0007 195.3868 189.4084 202.385 194.1354 204.9908 197.0406 230.5328 219.6048 220.412
69.73621 0 89.25221 103.4861 26.18121 17.45942 107.5864 99.08744 105.5966 58.08302 119.1422 118.2334 69.96133 70.33338 75.00886 131.3408 139.0236 160.5682 128.0508 90.83643 96.24883 149.3943 171.9813 179.9903 130.3399 135.9003 175.1739 146.7482 141.9376 149.9112 179.8288 153.7097 170.7035 170.6702 173.9779
49.77227 89.25221 0 14.85072 97.08207 96.08187 21.08818 22.52904 27.61968 147.3352 45.63732 47.7202 158.7284 158.5932 158.3817 69.50069 77.14706 110.0903 73.62616 171.7599 169.7583 183.0208 141.7439 146.9501 146.6358 150.7689 155.505 163.38 191.7125 168.9513 167.1471 171.0016 217.7537 196.6804 195.4311
56.81769 103.4861 14.85072 0 109.797 109.4342 16.38211 26.62273 28.62297 161.5333 44.77723 47.92964 173.1798 173.1365 173.2023 70.26458 77.21723 111.3519 76.27745 186.6105 184.5111 195.1951 146.1555 150.6586 157.7157 161.5952 161.4001 174.1331 205.1397 179.8654 173.887 181.6845 230.7765 207.9243 206.1961
63.64843 26.18121 97.08207 109.797 0 9.270977 117.377 111.5303 118.1928 59.63413 133.7303 133.5445 74.47997 76.46881 87.98468 149.2494 157.2031 181.5453 147.3198 104.7926 114.2639 174.6619 196.0021 203.8068 156.5178 162.0796 200.2325 172.8909 165.2343 175.991 205.4115 179.8185 193.9578 196.3112 199.85
67.12526 17.45942 96.08187 109.4342 9.270977 0 115.8055 108.9517 115.5925 55.25803 130.444 129.98 69.42334 70.95139 80.72449 144.7051 152.5656 175.7596 142.2146 97.39108 105.9725 165.3969 188.7721 196.6877 147.5913 153.1615 192.4106 163.8773 156.0834 166.9121 197.2347 170.7642 184.82 187.0798 190.6692
70.10794 107.5864 21.08818 16.38211 117.377 115.8055 0 14.14524 13.30089 165.4554 28.39867 31.62473 176.0761 175.5941 173.4843 53.92968 60.83617 95.00518 60.25143 185.8995 181.947 185.351 130.3898 134.6775 146.5617 150.1201 146.1811 162.5138 197.5611 168.4061 159.0583 169.9546 222.2687 196.7577 194.4715
71.41792 99.08744 22.52904 26.62273 111.5303 108.9517 14.14524 0 6.662517 156.3162 23.92008 25.46213 166.2008 165.4437 162.0891 46.98313 54.68062 87.59237 51.29249 173.9636 169.2067 171.2378 120.2598 125.1358 132.6255 136.2636 134.9761 148.7035 183.4928 154.5545 147.3085 156.1804 208.1304 182.8447 180.7053
77.14865 105.5966 27.61968 28.62297 118.1928 115.5925 13.30089 6.662517 0 162.6897 18.03229 20.21612 172.4149 171.5889 167.8232 42.36762 49.78562 83.3498 47.72516 179.4418 174.1983 173.3024 117.5387 122.053 134.015 137.4435 133.0228 149.7688 186.6336 155.7121 145.8023 157.1631 210.8076 184.1432 181.6612
122.3693 58.08302 147.3352 161.5333 59.63413 55.25803 165.4554 156.3162 162.6897 0 175.0257 173.6412 15.53222 18.84808 38.98945 184.0909 191.2812 207.9153 179.1543 54.57843 71.37791 153.6198 210.4894 219.0457 150.3537 155.7241 208.5021 163.5026 133.767 164.5511 209.18 168.9001 160.6234 177.3824 183.4805
95.15908 119.1422 45.63732 44.77723 133.7303 130.444 28.39867 23.92008 18.03229 175.0257 0 4.272002 183.7723 182.5767 176.8633 25.64068 32.44226 66.64763 33.00379 187.337 180.2205 170.0269 103.2567 107.0561 129.2488 132.0757 120.1837 143.9715 186.4089 150.1052 133.8299 151.0836 209.0651 178.7023 175.335
96.87621 118.2334 47.7202 47.92964 133.5445 129.98 31.62473 25.46213 20.21612 173.6412 4.272002 0 182.0989 180.8051 174.6189 22.34639 29.58462 63.43596 29.06888 184.8303 177.3514 165.9593 99.38031 103.3259 125.1 127.8916 116.1139 139.7621 182.6172 145.9026 129.6835 146.8605 205.1098 174.5 171.0982
136.4588 69.96133 158.7284 173.1798 74.47997 69.42334 176.0761 166.2008 172.4149 15.53222 183.7723 182.0989 0 4.743416 27.92663 191.0638 197.9627 212.3934 185.4319 41.46752 60.24354 146.5443 211.8523 220.4955 147.411 152.5983 208.2749 159.389 124.2002 159.8642 207.7702 164.2681 150.1001 170.4589 177.1453
137.7552 70.33338 158.5932 173.1365 76.46881 70.95139 175.5941 165.4437 171.5889 18.84808 182.5767 180.8051 4.743416 0 23.19252 189.2732 196.0746 209.859 183.4353 36.87893 55.50491 141.9456 208.5561 217.2125 143.3405 148.4933 204.647 155.1286 119.4642 155.5243 203.9178 159.9328 145.36 165.8652 172.6046
144.6998 75.00886 158.3817 173.2023 87.98468 80.72449 173.4843 162.0891 167.8232 38.98945 176.8633 174.6189 27.92663 23.19252 0 180.5245 186.783 197.23 173.6968 16.90211 32.57708 119.2148 192.0991 200.7887 123.2209 128.1739 186.5391 134.0003 96.27368 134.0004 184.6921 138.4223 122.3251 143.1401 150.1076
117.8659 131.3408 69.50069 70.26458 149.2494 144.7051 53.92968 46.98313 42.36762 184.0909 25.64068 22.34639 191.0638 189.2732 180.5245 0 8.100069 41.09043 10.56856 189.0568 179.2294 156.3286 78.36381 81.72583 114.451 116.4307 96.30458 127.5301 176.4768 133.789 110.617 134.1667 196.8356 162.1736 157.7831
125.7746 139.0236 77.14706 77.21723 157.2031 152.5656 60.83617 54.68062 49.78562 191.2812 32.44226 29.58462 197.9627 196.0746 186.783 8.100069 0 34.45649 13.46291 194.8935 184.477 157.8156 73.8319 76.5147 115.7681 117.3819 92.71453 128.0589 179.2143 134.3328 107.4904 134.4442 198.7145 162.4838 157.6561
157.3338 160.5682 110.0903 111.3519 181.5453 175.7596 95.00518 87.59237 83.3498 207.9153 66.64763 63.43596 212.3934 209.859 197.23 41.09043 34.45649 0 36.90236 202.71 189.2169 145.6328 43.03783 43.76344 104.5071 104.5038 64.03618 112.9581 171.8803 119.0467 79.7674 118.0906 187.269 145.4356 139.043
120.4326 128.0508 73.62616 76.27745 147.3198 142.2146 60.25143 51.29249 47.72516 179.1543 33.00379 29.06888 185.4319 183.4353 173.6968 10.56856 13.46291 36.90236 0 181.5945 171.0347 145.8649 70.3161 74.42614 103.9471 105.8832 87.29273 116.9622 166.4102 123.2216 101.222 123.6002 186.4702 151.6056 147.2381
160.5632 90.83643 171.7599 186.6105 104.7926 97.39108 185.8995 173.9636 179.4418 54.57843 187.337 184.8303 41.46752 36.87893 16.90211 189.0568 194.8935 202.71 181.5945 0 21.22013 111.5449 194.0144 202.6782 121.206 125.7662 186.6162 130.11 85.39792 129.3334 183.3396 133.7344 109.8175 135.2768 142.9337
164.8054 96.24883 169.7583 184.5111 114.2639 105.9725 181.947 169.2067 174.1983 71.37791 180.2205 177.3514 60.24354 55.50491 32.57708 179.2294 184.477 189.2169 171.0347 21.22013 0 90.38196 177.2767 185.8743 102.1987 106.4837 168.5373 110.0253 64.51454 108.9196 164.3535 113.2947 89.85843 114.0781 121.804
201.8833 149.3943 183.0208 195.1951 174.6619 165.3969 185.351 171.2378 173.3024 153.6198 170.0269 165.9593 146.5443 141.9456 119.2148 156.3286 157.8156 145.6328 145.8649 111.5449 90.38196 0 115.9635 123.1548 42.0785 41.19354 99.30234 33.81004 33.86093 28.63505 89.03599 31.53813 41.63625 23.92629 31.48161
184.5561 171.9813 141.7439 146.1555 196.0021 188.7721 130.3898 120.2598 117.5387 210.4894 103.2567 99.38031 211.8523 208.5561 192.0991 78.36381 73.8319 43.03783 70.3161 194.0144 177.2767 115.9635 0 8.689853 79.43259 77.35513 21.66976 82.15707 146.4013 87.52485 37.55218 85.39724 156.7065 110.5289 102.8084
190.7387 179.9903 146.9501 150.6586 203.8068 196.6877 134.6775 125.1358 122.053 219.0457 107.0561 103.3259 220.4955 217.2125 200.7887 81.72583 76.5147 43.76344 74.42614 202.6782 185.8743 123.1548 8.689853 0 87.50571 85.2115 25.77622 89.41054 154.0723 94.58891 40.99615 92.24018 163.5526 116.6126 108.5552
172.0262 130.3399 146.6358 157.7157 156.5178 147.5913 146.5617 132.6255 134.015 150.3537 129.2488 125.1 147.411 143.3405 123.2209 114.451 115.7681 104.5071 103.9471 121.206 102.1987 42.0785 79.43259 87.50571 0 5.59017 67.12796 17.38462 67.90209 22.40675 62.18099 25.01999 83.38017 50.23196 48.96443
177.0007 135.9003 150.7689 161.5952 162.0796 153.1615 150.1201 136.2636 137.4435 155.7241 132.0757 127.8916 152.5983 148.4933 128.1739 116.4307 117.3819 104.5038 105.8832 125.7662 106.4837 41.19354 77.35513 85.2115 5.59017 0 63.86022 12.63443 69.16365 18.29105 57.9333 20.30394 82.80769 46.73863 44.6628
195.3868 175.1739 155.505 161.4001 200.2325 192.4106 146.1811 134.9761 133.0228 208.5021 120.1837 116.1139 208.2749 204.647 186.5391 96.30458 92.71453 64.03618 87.29273 186.6162 168.5373 99.30234 21.66976 25.77622 67.12796 63.86022 0 66.00294 131.3057 70.68247 15.89162 67.92553 138.9291 91.23039 82.96553
189.4084 146.7482 163.38 174.1331 172.8909 163.8773 162.5138 148.7035 149.7688 163.5026 143.9715 139.7621 159.389 155.1286 134.0003 127.5301 128.0589 112.9581 116.9622 130.11 110.0253 33.81004 82.15707 89.41054 17.38462 12.63443 66.00294 0 65.34285 6.274096 57.17558 7.680761 74.95594 34.76644 32.07023
202.385 141.9376 191.7125 205.1397 165.2343 156.0834 197.5611 183.4928 186.6336 133.767 186.4089 182.6172 124.2002 119.4642 96.27368 176.4768 179.2143 171.8803 166.4102 85.39792 64.51454 33.86093 146.4013 154.0723 67.90209 69.16365 131.3057 65.34285 0 61.18352 122.0979 64.66087 28.76925 54.13666 63.32604
194.1354 149.9112 168.9513 179.8654 175.991 166.9121 168.4061 154.5545 155.7121 164.5511 150.1052 145.9026 159.8642 155.5243 134.0004 133.789 134.3328 119.0467 123.2216 129.3334 108.9196 28.63505 87.52485 94.58891 22.40675 18.29105 70.68247 6.274096 61.18352 0 60.91504 4.422952 69.27328 28.59742 26.5577
204.9908 179.8288 167.1471 173.887 205.4115 197.2347 159.0583 147.3085 145.8023 209.18 133.8299 129.6835 207.7702 203.9178 184.6921 110.617 107.4904 79.7674 101.222 183.3396 164.3535 89.03599 37.55218 40.99615 62.18099 57.9333 15.89162 57.17558 122.0979 60.91504 0 57.54832 127.1515 78.30667 69.51249
197.0406 153.7097 171.0016 181.6845 179.8185 170.7642 169.9546 156.1804 157.1631 168.9001 151.0836 146.8605 164.2681 159.9328 138.4223 134.1667 134.4442 118.0906 123.6002 133.7344 113.2947 31.53813 85.39724 92.24018 25.01999 20.30394 67.92553 7.680761 64.66087 4.422952 57.54832 0 71.32888 28.04015 24.52581
230.5328 170.7035 217.7537 230.7765 193.9578 184.82 222.2687 208.1304 210.8076 160.6234 209.0651 205.1098 150.1001 145.36 122.3251 196.8356 198.7145 187.269 186.4702 109.8175 89.85843 41.63625 156.7065 163.5526 83.38017 82.80769 138.9291 74.95594 28.76925 69.27328 127.1515 71.32888 0 49.83643 59.50859
219.6048 170.6702 196.6804 207.9243 196.3112 187.0798 196.7577 182.8447 184.1432 177.3824 178.7023 174.5 170.4589 165.8652 143.1401 162.1736 162.4838 145.4356 151.6056 135.2768 114.0781 23.92629 110.5289 116.6126 50.23196 46.73863 91.23039 34.76644 54.13666 28.59742 78.30667 28.04015 49.83643 0 9.792798
220.412 173.9779 195.4311 206.1961 199.85 190.6692 194.4715 180.7053 181.6612 183.4805 175.335 171.0982 177.1453 172.6046 150.1076 157.7831 157.6561 139.043 147.2381 142.9337 121.804 31.48161 102.8084 108.5552 48.96443 44.6628 82.96553 32.07023 63.32604 26.5577 69.51249 24.52581 59.50859 9.792798 0
