0 9.215459 154.3108 100.7063 130.2598 175.5589
9.215459 0 163.4528 103.0206 138.9829 182.8142
154.3108 163.4528 0 153.6016 38.18106 91.93469
100.7063 103.0206 153.6016 0 115.8016 116.1087
130.2598 138.9829 38.18106 115.8016 0 68.42991
175.5589 182.8142 91.93469 116.1087 68.42991 0
