0 140.6941 53.05996 59.37878 143.3956 163.1129 169.3473
140.6941 0 173.7978 172.1908 139.8645 33.84481 47.06795
53.05996 173.7978 0 10.30776 127.0444 188.7278 191.4506
59.37878 172.1908 10.30776 0 117.9255 185.4087 187.4293
143.3956 139.8645 127.0444 117.9255 0 129.2714 122.2636
163.1129 33.84481 188.7278 185.4087 129.2714 0 13.92615
169.3473 47.06795 191.4506 187.4293 122.2636 13.92615 0
