0 93.93008 96.33443 65.33856 65.36641 80.80022 83.17566
93.93008 0 188.6656 51.47815 55.47071 148.0709 151.5586
96.33443 188.6656 0 159.9939 159.2254 113.5491 112.5969
65.33856 51.47815 159.9939 0 4.123106 98.4124 101.9804
65.36641 55.47071 159.2254 4.123106 0 95.01579 98.59513
80.80022 148.0709 113.5491 98.4124 95.01579 0 3.605551
83.17566 151.5586 112.5969 101.9804 98.59513 3.605551 0
