0 146.3266 144.6643 144.7945 142.4245 109.8389 107.5744 109.1874
146.3266 0 2.5 3.162278 3.905125 70.67708 76.13311 77.27386
144.6643 2.5 0 4.609772 3 70.89781 76.32169 77.52419
144.7945 3.162278 4.609772 0 3.5 67.61841 73.08386 74.20411
142.4245 3.905125 3 3.5 0 67.91539 73.33485 74.54529
109.8389 70.67708 70.89781 67.61841 67.91539 0 5.522681 6.670832
107.5744 76.13311 76.32169 73.08386 73.33485 5.522681 0 2.236068
109.1874 77.27386 77.52419 74.20411 74.54529 6.670832 2.236068 0
