0 35.17456 53.23533 23.12526 36.77295 71.44928 30.39371 68.47262 62.16912 67.08577 29.68164 83.74366 63.94138 79.12016 64.4748 27.07397 61.93949 66.21178 29.06888 88.55789 111.1632 110.6715 115.5206 120.5529 119.7925 114.4125 113.5958 101.7104 132.5765 86.26703 130.6484 103.8557 143.8975 142.2281 84.93081 131.6055 128.2264 127.2831 131.6549 152.5549 131.7953 188.5709 99.77099 108.5975 96.16652 102.8208 132.5389 154.0923 150.894 109.11 154.9871 154.5644 113.382 165.4164 163.6857 160.6129 158.1376 137.6118 117.9682 179.1368 162.6407 185.5398 162.0694 166.2077 221.9433 195.6732 190.6017 207.3861 220.2385 222.3196 205.8009 208.5426 237.1708 237.6931 239.669 240.1687 256.4157 253.8366 235.6884 254.002 265.7536 255.8378 268.9342 261.6047 257.5372 263.2608 266.4231 274.4668 269.1115 266.9204 273.441 291.9319 298.0038
35.17456 0 18.06239 57.38781 4.123106 106.0955 10.03466 102.8117 27.35416 101.1002 16.00781 48.90041 97.51026 44.98055 96.65532 40.51234 93.62825 98.10836 41.70432 121.3188 77.38863 77.66547 82.06857 86.98419 152.0855 146.2468 81.5552 131.8531 163.5811 63.10507 99.10727 76.80007 173.1769 113.7399 92.05537 159.4718 100.2809 99.74091 158.7648 181.3539 157.8868 176.2179 116.1809 125.892 108.6336 118.6087 152.327 180.8453 124.0816 100.5199 128.6206 128.5336 104.0494 191.2073 136.6172 134.3214 132.4859 159.0322 109.0011 205.5876 137.0082 211.9511 179.7283 183.4782 234.8496 217.8285 211.074 230.1635 242.6608 244.8229 187.0889 189.6952 256.0708 256.2543 258.5624 254.4725 273.6974 266.9387 232.1234 240.959 279.3121 266.0944 282.7828 272.3642 259.1634 273.2709 276.4073 286.4808 279.0936 273.9384 279.7646 281.4294 286.8763
53.23533 18.06239 0 75.33997 17.18284 124.0363 25.38591 120.6752 10.63015 118.8802 30.08322 31.38471 115.1803 28.6007 113.9517 55.54278 110.8084 115.317 56.36488 138.6813 60.79679 61.81309 65.73431 70.49113 169.2077 163.2265 66.52819 148.3139 180.2117 56.56854 84.21995 66.21178 189.1309 100.9883 100.6668 174.9571 88.20431 87.98295 173.9684 197.0913 172.7078 172.6327 127.8094 137.6689 118.8697 129.9337 164.7088 195.785 112.361 101 117.1367 117.2823 103.9599 205.709 124.5351 122.8027 121.4301 172.0029 108.9151 220.2907 125.8968 226.612 190.9201 194.4659 243.4528 230.6729 223.2331 243.2139 255.5015 257.6897 179.6886 182.1867 267.2901 267.32 269.767 263.6001 284.1003 275.436 232.6478 236.3155 287.9601 273.249 291.5504 279.7231 262.1303 280.2664 283.373 294.3637 286.0437 279.4826 284.9351 277.9123 282.9898
23.12526 57.38781 75.33997 0 58.35262 48.70775 50.91278 45.50031 83.54905 43.99558 48.37814 104.9116 40.82007 99.62652 41.76655 32.14205 39.52566 43.62084 33.483 65.52565 130.9352 129.7745 134.951 140.0397 96.81096 91.56479 131.8893 79.60597 109.9497 99.84711 148.312 118.9907 121.9164 157.4456 79.63588 110.3817 143.3182 142.1189 110.8292 130.7457 111.5293 191.9368 86.75844 94.56068 86.18649 90.09871 116.1109 133.2637 164.7759 112.5423 168.4867 167.8347 117.0626 145.0045 177.555 173.9701 171.0825 120.0491 121.1897 158.3039 175.4996 164.693 146.4318 150.7463 208.4677 177.0013 172.9252 188.2935 201.2605 203.2866 213.2013 216.0003 220.0336 220.7444 222.5197 225.6851 240.0787 239.9648 232.5248 256.9535 251.5256 243.6728 254.5137 249.0872 250.7699 251.1872 254.341 261.1004 257.0106 256.6624 263.563 292.8265 299.2753
36.77295 4.123106 17.18284 58.35262 0 107.0012 8.427798 103.5773 25.40177 101.7411 13.90144 46.97074 98.01148 42.54703 96.78455 39.19503 93.66029 98.1644 40.22748 121.5082 74.84651 74.85674 79.4119 84.37565 152.0822 146.1385 78.5 131.4087 163.2467 59.05294 95.97526 73.01541 172.471 110.1674 89.05595 158.5379 96.62945 96.04817 157.7062 180.5443 156.6692 172.1075 113.8991 123.6608 106.0012 116.2513 150.2857 179.685 120.3547 96.54662 124.8609 124.7473 100.0455 189.879 132.9257 130.5613 128.675 157.1695 105.0012 204.341 133.2 210.6899 177.3873 181.0891 231.9692 215.9543 209.0006 228.3555 240.793 242.9635 183.0061 185.6159 253.7661 253.9119 256.2548 251.7007 271.2033 264.0478 228.211 236.838 276.453 262.9663 279.9475 269.2717 255.4733 270.1185 273.2508 283.4824 275.9352 270.5665 276.3426 277.3274 282.7667
71.44928 106.0955 124.0363 48.70775 107.0012 0 99.37863 4.949747 132.0606 8.514693 96.33276 153.2645 13.43503 147.6652 21.63331 75.43209 24.90984 22.82542 75.96052 24.86966 178.2926 176.6177 182.0165 187.1149 53.58405 50.23169 178.0253 46.23851 69.40638 142.2428 193.6801 162.3361 84.90289 200.0934 98.58508 78.26238 186.0779 184.6185 80.62258 94.20191 83.81527 216.7066 87.44856 90.93296 94.36631 90.86498 102.0926 101.3054 205.7183 141.5344 208.8875 207.9611 146.0782 114.1648 218.2567 214.0899 210.7327 101.8332 149.2062 125.096 214.9535 131.1869 132.0019 136.5284 196.8439 151.1589 150.5722 160.5802 173.5281 175.3083 244.002 246.8299 197.6487 198.9095 200.0281 210.7605 219.5359 226.2742 243.8237 279.3027 236.5798 234.3075 238.9772 238.6797 253.9323 241.8496 244.9005 248.2035 247.455 251.6436 259.2778 310.7061 317.7597
30.39371 10.03466 25.38591 50.91278 8.427798 99.37863 0 95.83464 32.68197 93.89859 6.009252 54.00103 90.06818 48.91943 88.61214 30.81306 85.44166 89.95431 31.8974 113.3532 80.79621 80.28843 85.12801 90.16343 143.8252 137.8413 83.35333 123.0181 154.8773 59.7253 100.559 75.43062 164.0456 113.3243 82.31916 150.1148 99.52108 98.76628 149.2965 172.1166 148.2895 170.1117 106.1463 115.8583 98.66329 108.5772 142.3182 171.2938 122.8391 93.11701 127.1801 126.9358 96.84223 181.5308 135.5388 132.8644 130.7283 149.0731 101.7527 195.9705 135.257 202.3234 169.6947 173.4477 224.9853 207.868 201.0608 220.2274 232.7032 234.8683 182.8491 185.5059 246.0361 246.2203 248.5277 244.5461 263.6793 257.0787 224.2382 235.1796 269.4317 256.4295 272.8884 262.6635 250.4677 263.6305 266.7709 276.6968 269.4589 264.5807 270.4868 275.074 280.6784
68.47262 102.8117 120.6752 45.50031 103.5773 4.949747 95.83464 0 128.501 3.605551 92.60939 149.6011 8.485281 143.8836 16.80774 71.20744 20 18.12457 71.66938 24.08319 174.3022 172.5255 177.9621 183.0587 54.23329 50.31291 173.8174 44.50281 69.50356 137.7044 189.3581 157.8433 84.38602 195.5142 93.66266 76.84074 181.5172 180.0403 78.93352 93.66163 81.8077 211.788 83.01355 86.75521 89.66884 86.45005 98.7575 100.048 201.0286 136.5888 204.1678 203.2285 141.1317 112.8171 213.5474 209.3538 205.9767 98.8863 144.2567 124.1551 210.1868 130.3169 128.8759 133.4035 193.6761 149.3067 148.3122 158.9921 171.9782 173.7944 239.0533 241.8812 195.5211 196.7244 197.9173 207.9098 217.2522 223.3394 239.2958 274.4422 233.7745 231.0206 236.23 235.4835 249.8156 238.5713 241.6345 245.2315 244.2018 248.0504 255.6414 305.9726 313.01
62.16912 27.35416 10.63015 83.54905 25.40177 132.0606 32.68197 128.501 0 126.5247 36.22154 21.58703 122.6234 18.02776 120.8139 60.87693 117.5266 122.0533 61.40033 145.5558 50.3612 51.21414 55.22681 60.03332 175.668 169.5107 55.9017 154.0195 186.0264 49 73.59348 56.64804 194.1765 90.62577 100.6118 179.5689 78.03204 77.89737 178.3143 201.896 176.706 165.2944 129.5039 139.3982 119.6704 131.3942 166.7362 199.8235 102.2155 96.16652 107.042 107.2496 98.78506 209.3265 114.2804 112.6876 111.4418 174.4534 103.6846 224.0558 115.8836 230.3259 191.9596 195.3458 242.5551 232.8454 224.8911 245.5239 257.6199 259.8249 170.7659 173.2195 268.1511 268.069 270.6127 263.0057 284.3449 274.4012 227.1079 228.3725 287.0017 271.3595 290.665 277.9496 257.8153 278.2647 281.3472 292.8976 284.0035 276.6017 281.8244 270.3891 275.3021
67.08577 101.1002 118.8802 43.99558 101.7411 8.514693 93.89859 3.605551 126.5247 0 90.51243 147.5212 5 141.6986 13.20984 68.64765 16.40122 14.57738 69.03984 23.43075 171.9135 170.0409 175.5121 180.6059 54.27937 49.96721 171.2206 42.87773 69.08506 134.7757 186.6454 154.9597 83.48653 192.5319 90.07213 75.316 178.5567 177.0607 77.21723 92.7281 79.86551 208.1954 79.5503 83.42285 86.09588 82.99565 95.91746 98.59823 197.9204 133.0883 201.0236 200.0687 137.6273 111.2893 210.4151 206.1892 202.7878 96.29382 140.7302 122.9004 206.9843 129.1065 126.1507 130.6771 190.906 147.4059 146.1386 157.2657 170.2718 172.1119 235.5345 238.3621 193.4179 194.5829 195.8245 205.3351 215.0407 220.7091 235.7806 270.8367 231.2239 228.1721 233.7159 232.6897 246.494 235.7271 238.7975 242.5747 241.3721 245.0184 252.5836 302.3859 309.4192
29.68164 16.00781 30.08322 48.37814 13.90144 96.33276 6.009252 92.60939 36.22154 90.51243 0 57.00877 86.513 51.35173 84.59314 25.4951 81.31728 85.84288 26.41969 109.3366 82.5848 81.6176 86.68333 91.76056 139.5394 133.4487 84.17244 118.2962 150.2344 57.62812 101.0742 74.41102 159.0487 112.6678 76.35667 144.931 98.71677 97.8366 144.0139 167.0269 142.8881 165.9863 100.1961 109.9234 92.65528 102.6082 136.4507 165.928 121.6553 88.36289 125.865 125.5274 92.19316 176.0454 134.4173 131.5238 129.214 143.2829 97.06956 190.5387 133.7348 196.8807 163.733 167.4754 218.9837 202.0718 195.182 214.4621 226.9097 229.0786 179.7804 182.4637 240.0854 240.2603 242.5763 238.5372 257.6897 251.0777 219.1118 231.1926 263.4274 250.4795 266.8822 256.7022 244.9293 257.6883 260.8299 270.712 263.5185 258.7441 264.6828 270.7513 276.4403
83.74366 48.90041 31.38471 104.9116 46.97074 153.2645 54.00103 149.6011 21.58703 147.5212 57.00877 0 143.5009 7.81025 141.2869 80.62258 137.9003 142.4254 80.89499 165.9714 30.15377 32.45104 35.38361 39.82462 195.6687 189.3653 38.58756 173.3667 205.3905 48.75449 55.80323 48.01042 212.7028 75.79139 113.115 197.6487 64.84597 65.25335 196.0867 220.1272 194.0644 161.2328 144.1466 153.9848 133.1353 145.6793 181.5227 217.1423 88.60023 99.84989 93.6376 94.18495 101.6014 226.077 99.80982 99.07825 98.54449 189.7894 106.2191 240.9502 102.7862 247.1356 205.1012 208.2162 252.1737 247.5096 238.8179 260.3459 272.1213 274.3447 161.6447 163.9177 280.6653 280.4015 283.0941 273.0751 295.7871 283.6371 227.2004 222.036 296.3309 279.0161 300.1135 285.8006 260.5558 285.6786 288.7027 301.2723 291.3211 282.288 287.0209 265.0797 269.5
63.94138 97.51026 115.1803 40.82007 98.01148 13.43503 90.06818 8.485281 122.6234 5 86.513 143.5009 0 137.5736 8.860023 64.2067 11.6619 10.6066 64.53294 25.05993 167.5806 165.6194 171.1213 176.2115 56.34936 51.56926 166.6988 42.71417 70.48324 129.9942 182.0234 150.2082 84.17244 187.7079 85.2316 75.10326 173.7484 172.2397 76.69746 93.34077 78.97151 203.3597 75.55958 79.79907 81.68537 79.02918 93.37402 98.43582 193.0194 128.1113 196.1033 195.1405 132.6526 110.9833 205.5006 201.2585 197.8456 94.22579 135.7719 122.9898 202.0359 129.2536 123.7942 128.3141 188.4242 146.4667 144.7498 156.5966 169.6246 171.5007 230.5699 233.3977 192.1159 193.2162 194.5386 203.2105 213.5474 218.4777 231.574 266.1175 229.1342 225.5272 231.6908 230.1489 242.8308 233.0885 236.1721 240.2884 238.7603 242.0021 249.5125 297.8746 304.8824
79.12016 44.98055 28.6007 99.62652 42.54703 147.6652 48.91943 143.8836 18.02776 141.6986 51.35173 7.81025 137.5736 0 135.0592 74.16873 131.615 136.1323 74.33034 159.6762 32.42299 33.2166 37.21559 42.05948 189.1144 182.7445 38.20995 166.5443 198.5504 41.78516 55.86591 43.28972 205.5833 74.0926 105.3177 190.4206 62.24147 62.39391 188.7882 212.9249 186.6815 155.6994 136.4414 146.2701 125.3635 137.9473 173.8121 209.7406 86.33076 92.5905 91.28527 91.67409 94.47384 218.574 98.0051 96.84266 95.97143 182.1236 99.14888 233.4652 100.3195 239.6351 197.3031 200.4121 244.4444 239.7749 231.0433 252.6203 264.3728 266.5971 157.6896 160.0312 272.8553 272.5913 275.2839 265.3243 287.9878 275.9366 220.7555 217.2303 288.6261 271.4424 292.4015 278.2104 253.631 278.1299 281.1605 293.6392 283.7834 274.9336 279.732 260.0005 264.568
64.4748 96.65532 113.9517 41.76655 96.78455 21.63331 88.61214 16.80774 120.8139 13.20984 84.59314 141.2869 8.860023 135.0592 0 61.0082 3.807887 2.236068 61.07373 24.74874 164.3358 162.0706 167.6723 172.7426 55.50901 49.9522 162.779 38.28838 68.18537 125 177.6851 145.3307 80.51397 182.4107 77.07645 70.0928 168.5497 166.9731 71.21798 89.4986 72.94518 195.163 66.7027 71.0368 72.91776 70.17439 85.35574 93.35297 187.2432 120.6151 190.1841 189.1608 125.1295 105.6371 199.6196 195.255 191.7479 86.68333 128.1113 118.1905 195.8801 124.5231 115.9073 120.4159 180.3765 140.1606 137.884 150.632 163.6704 165.5929 222.9282 225.7543 185.3025 186.325 187.7425 195.4891 206.4946 210.6466 222.733 257.6703 221.4362 217.3292 224.0561 222.036 234.0308 224.8939 227.9874 232.3984 230.5862 233.5262 241 289.182 296.2115
27.07397 40.51234 55.54278 32.14205 39.19503 75.43209 30.81306 71.20744 60.87693 68.64765 25.4951 80.62258 64.2067 74.16873 61.0082 0 57.50217 62.00806 2 85.53654 103.4372 101.4129 106.9205 112.0089 115.0489 108.7776 102.6109 93.14505 125.1495 68.09552 118.2962 87.66413 133.6132 125.9445 58.47845 119.4362 111.8258 110.5351 118.5327 141.5486 117.4777 162.6733 77.25445 86.70424 71.58911 79.97361 112.4818 140.49 132.8533 83.00602 136.4844 135.7969 87.3922 150.7276 145.6091 141.9384 139.0001 118.8276 91.82864 165.1575 143.405 171.5109 140.7 144.6167 198.2754 177.5979 171.2133 189.842 202.4105 204.5605 181.9588 184.7404 216.7787 217.0829 219.2767 217.1866 235.0532 230.3259 208.6145 228.0351 242.4706 231.1926 245.7908 237.154 230.8104 238.5419 241.7007 250.5294 244.3931 241.281 247.6308 265.3813 271.5516
61.93949 93.62825 110.8084 39.52566 93.66029 24.90984 85.44166 20 117.5266 16.40122 81.31728 137.9003 11.6619 131.615 3.807887 57.50217 0 4.527693 57.51956 28.07134 160.7521 158.4412 164.0564 169.1227 58.45725 52.70726 159.099 40.10611 70.64116 121.2209 173.9555 141.5574 82.41966 178.6122 73.67738 71.41778 164.7559 163.1763 72.29454 91.30444 73.7055 191.7969 64.43019 69.17875 70.11776 67.92357 84.5692 94.57419 183.4353 116.9808 186.3773 185.355 121.5027 106.6982 195.8124 191.4497 187.9452 86.33945 124.5231 119.5094 192.0794 125.867 115.2085 119.7017 179.4752 140.6289 137.9873 151.2961 164.3305 166.2784 219.3411 222.1677 185.409 186.3773 187.8597 194.891 206.4231 209.944 220.1329 254.4691 220.8495 216.2556 223.5232 221.0532 231.9906 223.8219 226.9256 231.6344 229.5354 232.1056 239.5256 286.2364 293.2358
66.21178 98.10836 115.317 43.62084 98.1644 22.82542 89.95431 18.12457 122.0533 14.57738 85.84288 142.4254 10.6066 136.1323 2.236068 62.00806 4.527693 0 62.00806 23.54782 165.2188 162.877 168.5022 173.5655 53.98379 48.29999 163.487 36.23534 66.37955 125.4193 178.2723 145.7738 78.50159 182.71 76.23848 67.94115 168.8846 167.2872 69.02898 87.45856 70.72482 194.2555 65.04037 69.19256 71.55418 68.49899 83.21464 91.18723 187.3846 120.1041 190.2761 189.2321 124.6035 103.4495 199.7223 195.3164 191.7773 84.48077 127.5167 116.0431 195.8877 122.3806 113.7475 118.2582 178.2469 137.9275 135.6503 148.4082 161.4466 163.3707 222.3196 225.1444 183.0683 184.0924 185.5081 193.3106 204.267 208.4826 221.208 256.5872 219.2556 215.2324 221.8685 219.9204 232.2291 222.7964 225.8877 230.2433 228.4841 231.5135 239.0021 287.8824 294.9343
29.06888 41.70432 56.36488 33.483 40.22748 75.96052 31.8974 71.66938 61.40033 69.03984 26.41969 80.89499 64.53294 74.33034 61.07373 2 57.51956 62.00806 0 85.50146 103.2727 101.1293 106.6771 111.7587 114.7966 108.4707 102.1812 92.64988 124.6714 67.1193 117.72 86.8159 132.9003 125.0192 56.51397 118.596 110.9099 109.5901 117.618 140.7693 116.4689 160.8277 75.61911 85.11061 69.77822 78.30567 111.0133 139.5091 131.7649 81.15417 135.3514 134.6408 85.55241 149.6516 144.5061 140.7853 137.8079 117.4564 89.96944 164.125 142.2006 170.4699 139.1061 143.0035 196.4901 176.2413 169.7587 188.5206 201.0622 203.2166 180.3136 183.0983 215.2324 215.5203 217.7298 215.4484 233.4309 228.5476 206.6204 226.1769 240.7073 229.3338 244.0371 235.3083 228.8196 236.6775 239.8359 248.7187 242.5283 239.3543 245.6929 263.4601 269.641
88.55789 121.3188 138.6813 65.52565 121.5082 24.86966 113.3532 24.08319 145.5558 23.43075 109.3366 165.9714 25.05993 159.6762 24.74874 85.53654 28.07134 23.54782 85.50146 0 188.6299 186.1873 191.845 196.8972 31.32491 26.58425 186.6293 21.96588 45.65901 147.8935 201.143 168.287 60.30755 204.7087 92.7601 53.46494 191.0249 189.3581 56.00446 69.58807 59.5525 209.0099 73.77838 74.90835 83.58529 76.87833 81.12766 76.44352 208.7642 138.2841 211.4391 210.3057 142.6521 89.31797 220.9174 216.3354 212.6556 79.50157 145.0862 100.2622 216.6576 106.379 110.0045 114.5011 174.7297 126.58 126.4852 135.8105 148.7363 150.5008 239.3502 242.158 173.3277 174.6611 175.6851 187.7352 195.4085 203.4367 229.1997 269.4819 213.4116 212.5006 215.6748 216.5699 235.9626 220.0006 223.005 225.434 225.5139 230.9567 238.7603 298.3911 305.6783
111.1632 77.38863 60.79679 130.9352 74.84651 178.2926 80.79621 174.3022 50.3612 171.9135 82.5848 30.15377 167.5806 32.42299 164.3358 103.4372 160.7521 165.2188 103.2727 188.6299 0 6.479696 5.408327 9.708244 217.0829 210.4918 13.82932 193.5439 225.3003 50.3612 27.39069 37.25923 230.8187 50.23341 123.4864 215.0424 42.68782 43.91184 212.9184 237.5947 210.1577 146.5203 156.6046 166.101 144.1154 157.5353 193.3911 232.9056 64.00195 98.6927 69.08871 70.05157 99.10101 240.7145 73.73093 74.06247 74.44472 202.4284 102.9866 255.7113 78.27675 261.6892 213.9281 216.5647 254.8974 258.3046 248.4759 271.2881 282.4186 284.6546 140.5 142.514 287.6148 287.0614 289.9698 276.2612 300.9024 285.4545 216.7285 203.3894 298.1765 278.5215 302.1086 285.528 253.2592 284.7631 287.6734 301.6409 290.2124 278.9001 282.8891 247.2661 251.0558
110.6715 77.66547 61.81309 129.7745 74.85674 176.6177 80.28843 172.5255 51.21414 170.0409 81.6176 32.45104 165.6194 33.2166 162.0706 101.4129 158.4412 162.877 101.1293 186.1873 6.479696 0 5.916856 10.76372 214.2425 207.5885 7.640211 190.4384 222.0693 45.25761 23.41671 31.04264 227.1721 45.05243 118.7464 211.2696 36.65742 37.77578 209.0347 233.801 206.1333 140.1253 152.0624 161.4748 139.3803 152.8926 188.6614 228.7805 58.6317 92.70143 63.73033 64.59608 92.99882 236.3711 68.84046 68.84827 68.99996 197.8046 96.81767 251.371 72.94546 257.3051 208.7229 211.2929 248.9765 253.3192 243.3401 266.3115 277.3395 279.5755 134.6646 136.7192 282.1025 281.5163 284.4474 270.3683 295.1815 279.4394 210.2512 197.306 292.1579 272.3407 296.1003 279.359 246.799 278.5529 281.4552 295.5095 283.9884 272.5587 276.5151 241.1239 244.9741
115.5206 82.06857 65.73431 134.951 79.4119 182.0165 85.12801 177.9621 55.22681 175.5121 86.68333 35.38361 171.1213 37.21559 167.6723 106.9205 164.0564 168.5022 106.6771 191.845 5.408327 5.916856 0 5.09902 220.0051 213.3648 10.81665 196.2549 227.91 51.07837 22.13594 36.12478 233.0676 45.35658 124.6157 217.175 38.63936 40.02499 214.9465 239.7082 212.0495 143.0897 157.9565 167.3578 145.2481 158.7738 194.5265 234.6972 59.21149 97.94897 64.28063 65.31058 98.10911 242.28 68.65858 69.15562 69.68871 203.686 101.8258 257.28 73.43705 263.2109 214.4586 217.0023 254.2527 259.1235 249.0984 272.1176 283.1148 285.3507 136.0331 138.0036 287.6891 287.0836 290.028 275.6701 300.6293 284.6085 213.8598 199.2185 297.3214 277.276 301.2758 284.3132 250.8728 283.4365 286.3237 300.5212 288.846 277.1507 281.0071 243.1815 246.8729
120.5529 86.98419 70.49113 140.0397 84.37565 187.1149 90.16343 183.0587 60.03332 180.6059 91.76056 39.82462 176.2115 42.05948 172.7426 112.0089 169.1227 173.5655 111.7587 196.8972 9.708244 10.76372 5.09902 0 225.0006 218.3496 13.60147 201.2014 232.8263 55.36244 20.09975 39.40812 237.8708 44.0533 128.9806 221.9392 38.8973 40.49691 219.6725 244.4627 216.7233 143.7529 162.4107 171.7637 149.6028 163.1741 198.8644 239.3271 58 101.2126 63.00794 64.17013 101.189 246.8117 66.75328 67.64983 68.50011 208.0817 104.7688 261.811 72.06247 267.72 218.464 220.9525 257.4757 263.2812 253.1482 276.2788 287.2003 289.4357 135.2368 137.1313 291.3984 290.7594 293.7265 278.9265 304.1052 287.6734 215.1139 198.8416 300.3764 280.0286 304.347 287.0888 252.6097 286.121 288.9883 303.3694 291.4961 279.4754 283.2119 242.912 246.4574
119.7925 152.0855 169.2077 96.81096 152.0822 53.58405 143.8252 54.23329 175.668 54.27937 139.5394 195.6687 56.34936 189.1144 55.50901 115.0489 58.45725 53.98379 114.7966 31.32491 217.0829 214.2425 220.0051 225.0006 0 7.009914 214.1314 25.46075 16.99775 173.9864 227.836 194.3071 34.63019 229.4141 111.4227 36.00347 216.1047 214.3064 40.51234 43.54595 46.36 221.9247 84.87638 82.2601 97.5 87.1724 77.57692 54.75425 232.231 157.5032 234.4829 233.1928 161.5797 67.48667 243.9575 239.08 235.1707 72.15435 163.2674 75.49338 238.9482 81.08175 101.3866 105.5616 163.6218 106.7064 109.5411 113.9923 126.4407 127.9658 255.3023 258.0567 154.2247 155.9207 156.4305 173.6412 177.0007 189.7136 232.2848 278.9556 198.5 201.5968 200.2851 204.7956 233.174 208.8851 211.7286 211.6512 214.0847 222.5741 230.6713 304.1653 311.7242
114.4125 146.2468 163.2265 91.56479 146.1385 50.23169 137.8413 50.31291 169.5107 49.96721 133.4487 189.3653 51.56926 182.7445 49.9522 108.7776 52.70726 48.29999 108.4707 26.58425 210.4918 207.5885 213.3648 218.3496 7.009914 0 207.4019 18.45415 19.20046 167.1333 221.0141 187.4395 35.29007 222.459 104.4322 33.34 209.1703 207.3658 37.40618 44.53338 42.80446 215.3247 78.17804 75.85595 90.66912 80.54329 72.5674 54.0288 225.2359 150.5209 227.4802 226.188 154.6065 66.96483 236.9541 232.0734 228.1624 67.77823 156.3182 76.1767 231.9387 82.01965 97.54344 101.813 160.5826 105.7901 107.7678 113.7448 126.3984 128.0113 248.4999 251.2586 153.2326 154.8253 155.4889 171.3337 175.8538 187.3479 226.7992 272.7158 196.4465 198.5931 198.357 201.9948 228.6136 205.9413 208.8256 209.3376 211.22 219.0618 227.1099 298.3753 305.9038
113.5958 81.5552 66.52819 131.8893 78.5 178.0253 83.35333 173.8174 55.9017 171.2206 84.17244 38.58756 166.6988 38.20995 162.779 102.6109 159.099 163.487 102.1812 186.6293 13.82932 7.640211 10.81665 13.60147 214.1314 207.4019 0 190.0026 221.4252 42.44997 17.69181 25.80698 225.9436 37.76476 116.0262 209.8762 29.01724 30.14963 207.4825 232.3553 204.3771 132.7209 149.5869 158.8479 136.6163 150.2535 185.8287 226.8519 51.1957 87.61849 56.29387 57.1093 87.63269 234.1047 61.68468 61.48577 61.51435 195.1333 91.26062 249.0984 65.51336 254.9608 205.0622 207.5114 243.8941 250.008 239.777 263.0076 273.8558 276.0906 127.0354 129.0969 277.8381 277.1895 280.1629 265.3394 290.5047 274.1332 203.1773 189.676 286.8397 266.6252 290.8051 273.6732 240.0717 272.7568 275.6361 289.9172 278.1528 266.3654 270.2036 233.5086 237.3442
101.7104 131.8531 148.3139 79.60597 131.4087 46.23851 123.0181 44.50281 154.0195 42.87773 118.2962 173.3667 42.71417 166.5443 38.28838 93.14505 40.10611 36.23534 92.64988 21.96588 193.5439 190.4384 196.2549 201.2014 25.46075 18.45415 190.0026 0 32.02837 149.3352 203.2978 169.5789 42.3143 204.2721 85.99669 32.44996 191.0628 189.2353 34.43835 51.22499 37.64306 197.8493 60.63209 59.30587 72.67049 63.21216 60.72242 55.76239 206.8864 132.0984 209.0933 207.7903 136.2015 68.41345 218.5635 213.6645 209.7415 58.13777 137.9656 80.28076 213.5064 86.55634 88.67074 93.13431 153.1988 104.9238 104.5466 114.4902 127.4755 129.2942 230.4886 233.2574 151.4761 152.7776 153.8449 165.8734 173.4878 181.6205 212.3488 256.164 191.5098 191.0654 193.7476 195.0026 216.703 198.5403 201.5223 203.6296 204.0098 210.0536 217.9381 283.0075 290.4484
132.5765 163.5811 180.2117 109.9497 163.2467 69.40638 154.8773 69.50356 186.0264 69.08506 150.2344 205.3905 70.48324 198.5504 68.18537 125.1495 70.64116 66.37955 124.6714 45.65901 225.3003 222.0693 227.91 232.8263 16.99775 19.20046 221.4252 32.02837 0 180.3131 234.3223 200.413 17.93327 234.231 113.6604 24.12975 221.298 219.4059 29.12219 26.61019 35.50798 219.0198 83.89659 79.39379 97.46187 85.62139 69.19578 38.8161 236.0777 159.1229 238.0014 236.6035 162.9551 51.2193 247.42 242.3519 238.2982 62.13432 164.1477 58.56097 241.8913 64.09894 89.54744 93.47323 149.8647 90.56309 94.24036 97.37168 109.7014 111.1869 253.9667 256.6726 138.0402 139.8171 140.2037 158.7868 160.912 174.9027 224.1137 273.779 183.2877 187.6839 184.9267 190.5648 222.3033 194.8642 197.6394 196.7376 199.9331 209.4862 217.6582 296.9537 304.6202
86.26703 63.10507 56.56854 99.84711 59.05294 142.2428 59.7253 137.7044 49 134.7757 57.62812 48.75449 129.9942 41.78516 125 68.09552 121.2209 125.4193 67.1193 147.8935 50.3612 45.25761 51.07837 55.36244 173.9864 167.1333 42.44997 149.3352 180.3131 0 54.00926 20.39608 184.072 57.93852 73.62864 167.863 43.86342 42.48529 165.339 190.2761 162.0987 116.3084 107.1413 116.4327 94.24436 107.8399 143.502 184.4807 65 51.31277 68.88396 68.37499 52.87753 191.6565 77.80103 74.4614 71.8837 152.7383 57.46738 206.6495 76.38063 212.5112 163.568 166.2077 205.9098 208.0625 198.1338 221.0543 232.1056 234.3416 124.0645 126.6491 237.4279 236.9219 239.7963 227.1145 251.1275 236.9325 179.2345 179.747 249.6578 231.2942 253.5224 238.1701 211.8569 237.8177 240.8075 253.9173 243.403 233.783 238.403 221.4752 226.4757
130.6484 99.10727 84.21995 148.312 95.97526 193.6801 100.559 189.3581 73.59348 186.6454 101.0742 55.80323 182.0234 55.86591 177.6851 118.2962 173.9555 178.2723 117.72 201.143 27.39069 23.41671 22.13594 20.09975 227.836 221.0141 17.69181 203.2978 234.3223 54.00926 0 34.1321 237.8834 24.11678 125.8099 221.5784 22.02272 24.08319 218.9155 243.9057 215.4553 125.9094 159.5658 168.4646 146.113 159.9014 194.8752 237.5432 38.0526 92.13034 43.01163 44.2471 91.26752 244.1278 46.69047 47.56574 48.53623 204.4749 94.18333 259.0695 52.00961 264.7754 212.1615 214.3082 247.0016 257.7693 246.9818 270.7508 281.1548 283.3814 115.434 117.2732 283.1766 282.3632 285.4422 268.5442 294.6795 276.4489 198.3381 179.36 289.0848 267.5892 293.1145 274.7217 236.9754 273.4177 276.2069 291.2473 278.6575 265.5419 268.8885 223.5179 226.9124
103.8557 76.80007 66.21178 118.9907 73.01541 162.3361 75.43062 157.8433 56.64804 154.9597 74.41102 48.01042 150.2082 43.28972 145.3307 87.66413 141.5574 145.7738 86.8159 168.287 37.25923 31.04264 36.12478 39.40812 194.3071 187.4395 25.80698 169.5789 200.413 20.39608 34.1321 0 203.7707 38.50671 91.87393 187.4513 24.41311 23.43075 184.7837 209.7737 181.3395 113.4928 125.6155 134.6296 112.2943 126.0481 161.2784 203.4792 47.42362 61.84658 51.85557 51.73463 61.9944 210.2137 60.10824 57.55432 55.69799 170.7659 65.77614 225.1755 60.21628 230.9307 179.6733 182.0357 218.1465 224.8777 214.4411 237.876 248.5659 250.7987 114.5426 116.9273 252.1032 251.4359 254.4214 239.5767 264.6979 248.4854 181.2981 174.0718 261.1992 241.2986 265.1521 248.3163 216.7336 247.5182 250.4241 264.4731 252.9605 241.7075 245.7723 217.0697 221.5023
143.8975 173.1769 189.1309 121.9164 172.471 84.90289 164.0456 84.38602 194.1765 83.48653 159.0487 212.7028 84.17244 205.5833 80.51397 133.6132 82.41966 78.50159 132.9003 60.30755 230.8187 227.1721 233.0676 237.8708 34.63019 35.29007 225.9436 42.3143 17.93327 184.072 237.8834 203.7707 0 235.9782 114.0676 16.68832 223.5274 221.5457 20.5548 9.300538 26.16295 212.7402 81.88559 75.55893 95.92966 82.92332 59.66522 21.31379 236.771 158.0902 238.3328 236.8272 161.6179 33.36615 247.6419 242.3964 238.2103 51.0343 162.2745 40.9695 241.5875 46.73863 75.47185 79.07275 133.5109 72.70832 76.86677 79.45124 91.82864 93.34077 249.1154 251.7588 120.152 121.9529 122.3039 141.5857 143.0472 157.7102 212.5571 264.9613 165.8327 171.1213 167.3862 173.7599 208.2311 178.2084 180.9289 179.4561 183.1734 193.5355 201.7536 286.0878 293.8388
142.2281 113.7399 100.9883 157.4456 110.1674 200.0934 113.3243 195.5142 90.62577 192.5319 112.6678 75.79139 187.7079 74.0926 182.4107 125.9445 178.6122 182.71 125.0192 204.7087 50.23341 45.05243 45.35658 44.0533 229.4141 222.459 37.76476 204.2721 234.231 57.93852 24.11678 38.50671 235.9782 0 122.0384 219.3899 14.1283 15.47488 216.2801 241.2614 212.2442 103.4986 155.3058 163.4773 141.3673 155.1125 188.633 233.4835 13.94947 82.22471 18.96252 20.13455 80.26417 238.9274 24.01882 23.83084 24.44765 198.5725 82.11759 253.6774 28.08312 259.097 202.9078 204.6188 232.4672 249.0687 237.5784 261.9418 271.6648 273.8679 91.32008 93.15673 271.0972 270.0824 273.2772 253.9999 281.1303 260.8856 176.7947 155.3545 273.3911 250.6602 277.4733 257.8469 216.5534 256.163 258.8526 274.5914 261.2291 246.9196 249.8185 199.5491 202.8675
84.93081 92.05537 100.6668 79.63588 89.05595 98.58508 82.31916 93.66266 100.6118 90.07213 76.35667 113.115 85.2316 105.3177 77.07645 58.47845 73.67738 76.23848 56.51397 92.7601 123.4864 118.7464 124.6157 128.9806 111.4227 104.4322 116.0262 85.99669 113.6604 73.62864 125.8099 91.87393 114.0676 122.0384 0 97.42934 109.9225 107.8789 94.24644 119.2231 90.24926 118.1281 33.75595 42.82686 20.63489 34.2324 69.91818 111.8802 122.7716 46.12262 124.4897 123.0465 50.29809 118.3409 133.8693 128.7417 124.6579 79.11134 52.40849 133.3017 128.2314 139.0708 91.98631 95.13631 142.9861 135.0828 125.8611 148.0296 159.4594 161.6917 146.6565 149.4703 167.7668 167.6035 170.2137 162.9599 183.7358 175.0424 152.8896 181.2797 187.4917 174.1315 191.0294 180.3457 172.6488 181.357 184.5018 194.4335 187.1917 183.0817 189.306 214.7562 221.4863
131.6055 159.4718 174.9571 110.3817 158.5379 78.26238 150.1148 76.84074 179.5689 75.316 144.931 197.6487 75.10326 190.4206 70.0928 119.4362 71.41778 67.94115 118.596 53.46494 215.0424 211.2696 217.175 221.9392 36.00347 33.34 209.8762 32.44996 24.12975 167.863 221.5784 187.4513 16.68832 219.3899 97.42934 0 207.0024 205.0098 5 22.56103 11.40175 197.1367 65.20928 59.05275 79.24645 66.29312 45.39258 23.33333 220.1022 141.4107 221.6506 220.1427 144.9521 35.98055 230.9567 225.7089 221.522 38.01316 145.6451 48.10405 224.9 54.45181 65.83692 69.89278 127.6227 73.37575 74.54529 82.34683 95.27329 97.04638 233.0708 235.7329 120.5404 122.0246 122.8464 138.0036 142.972 154.0292 200.0625 250.5694 163.1104 165.605 165.0383 168.8579 198.3684 172.9053 175.7591 176.0114 178.1264 186.64 194.7563 273.0536 280.7423
128.2264 100.2809 88.20431 143.3182 96.62945 186.0779 99.52108 181.5172 78.03204 178.5567 98.71677 64.84597 173.7484 62.24147 168.5497 111.8258 164.7559 168.8846 110.9099 191.0249 42.68782 36.65742 38.63936 38.8973 216.1047 209.1703 29.01724 191.0628 221.298 43.86342 22.02272 24.41311 223.5274 14.1283 109.9225 207.0024 0 2.236068 204.0221 229.0349 200.1599 104.8826 143.4617 151.9099 129.6534 143.4531 177.5938 221.705 24.18677 72.44998 29.06888 29.4359 71.0751 227.5597 36.40055 34.67708 33.75301 187.4166 73.56969 242.3964 38.07887 247.9294 193.2162 195.1435 225.8431 239.1694 228.0022 252.1051 262.1622 264.3785 98.0816 100.1798 262.9677 262.0687 265.1985 247.3964 273.8923 255 176.706 160.7016 267.6061 245.815 271.6517 252.9605 215.0358 251.5855 254.3585 269.5366 256.7976 243.5416 246.8684 204.5953 208.3681
127.2831 99.74091 87.98295 142.1189 96.04817 184.6185 98.76628 180.0403 77.89737 177.0607 97.8366 65.25335 172.2397 62.39391 166.9731 110.5351 163.1763 167.2872 109.5901 189.3581 43.91184 37.77578 40.02499 40.49691 214.3064 207.3658 30.14963 189.2353 219.4059 42.48529 24.08319 23.43075 221.5457 15.47488 107.8789 205.0098 2.236068 0 202.0099 227.0198 198.1237 103.2576 141.3904 149.8102 127.5657 141.3616 175.4509 219.6333 24.41311 70.2282 29.15476 29.36788 68.84196 225.4471 36.87818 34.82097 33.61199 185.2836 71.33372 240.2769 38.01316 245.8007 191.0039 192.9249 223.6243 236.9662 225.7875 249.9 259.9461 262.1622 97.18539 99.32271 260.7317 259.8326 262.9624 245.1775 271.6616 252.8003 174.8885 159.5306 265.4091 243.6555 269.4534 250.7987 213.0865 249.4379 252.2147 267.3668 254.6566 241.4591 244.8122 203.3624 207.1986
131.6549 158.7648 173.9684 110.8292 157.7062 80.62258 149.2965 78.93352 178.3143 77.21723 144.0139 196.0867 76.69746 188.7882 71.21798 118.5327 72.29454 69.02898 117.618 56.00446 212.9184 209.0347 214.9465 219.6725 40.51234 37.40618 207.4825 34.43835 29.12219 165.339 218.9155 184.7837 20.5548 216.2801 94.24644 5 204.0221 202.0099 0 25.01999 6.403124 192.5406 61.58937 55.02759 75.66373 62.49622 40.45012 22.45242 216.7487 137.7679 218.2155 216.6852 141.2385 34.42092 227.4907 222.2082 217.996 33.01515 141.8185 47.50789 221.3256 53.90733 61.04507 65.14599 123.2428 70.5762 71.02112 80.06248 93.05912 94.89468 228.6679 231.3201 117.4436 118.8486 119.78 134.0149 139.714 150 195.0641 245.7031 159.2545 161.2452 161.2548 164.5965 193.4657 168.5742 171.4475 172.0029 173.8333 182.0618 190.1605 268.0714 275.763
152.5549 181.3539 197.0913 130.7457 180.5443 94.20191 172.1166 93.66163 201.896 92.7281 167.0269 220.1272 93.34077 212.9249 89.4986 141.5486 91.30444 87.45856 140.7693 69.58807 237.5947 233.801 239.7082 244.4627 43.54595 44.53338 232.3553 51.22499 26.61019 190.2761 243.9057 209.7737 9.300538 241.2614 119.2231 22.56103 229.0349 227.0198 25.01999 0 29.27456 214.1811 86.32642 79.24598 100.4042 87.03128 60.52448 15.83596 241.5988 162.3638 242.9979 241.4473 165.7367 26.02307 252.2419 246.9261 242.6881 51.10773 166.14 31.95309 245.9614 37.57659 72.54309 75.80237 127.9535 65 70.21396 71.02112 83.19856 84.64632 251.2469 253.8523 112.2185 114.1096 114.3164 134.9741 135.1814 151.0828 210.7605 264.8245 158.8081 165.2453 160.219 167.6007 204.5855 172.2157 174.8692 172.676 177.0537 188.2618 196.5121 284.6283 292.4248
131.7953 157.8868 172.7078 111.5293 156.6692 83.81527 148.2895 81.8077 176.706 79.86551 142.8881 194.0644 78.97151 186.6815 72.94518 117.4777 73.7055 70.72482 116.4689 59.5525 210.1577 206.1333 212.0495 216.7233 46.36 42.80446 204.3771 37.64306 35.50798 162.0987 215.4553 181.3395 26.16295 212.2442 90.24926 11.40175 200.1599 198.1237 6.403124 29.27456 0 186.6056 57.10736 49.99748 71.17584 57.75908 34.11084 23.11805 212.3982 133.0902 213.7592 212.2007 136.4646 33.6244 222.991 217.666 213.4227 26.62705 136.8959 47.70744 216.6887 54.08327 55.03181 59.20304 117.8116 67.54258 66.94027 77.69813 90.73588 92.64988 222.9709 225.6103 113.842 115.1347 116.2164 129.1395 135.8565 145.0552 188.6611 239.4348 154.5477 155.8236 156.6481 159.3142 187.239 163.1908 166.0911 167.0748 168.5022 176.3193 184.3909 261.6778 269.372
188.5709 176.2179 172.6327 191.9368 172.1075 216.7066 170.1117 211.788 165.2944 208.1954 165.9863 161.2328 203.3597 155.6994 195.163 162.6733 191.7969 194.2555 160.8277 209.0099 146.5203 140.1253 143.0897 143.7529 221.9247 215.3247 132.7209 197.8493 219.0198 116.3084 125.9094 113.4928 212.7402 103.4986 118.1281 197.1367 104.8826 103.2576 192.5406 214.1811 186.6056 0 137.2304 139.9216 125.6706 134.7826 153.6591 201.1732 91.31612 79.67646 87.6891 85.78648 75.28372 200.9454 90.77437 86.13515 82.69576 163.2773 70.88571 213.2369 81.68467 216.8643 151.6017 151.0317 153.6686 194.5369 181.0942 205.759 211.7394 213.6758 40.67714 42.71172 200.1115 198.3085 201.7914 173.6987 203.4444 176.0499 74.02489 65.43374 187.4906 160.9205 191.6125 168.0274 115.8931 164.98 167.2079 184.9912 169.2353 151.1539 152.5183 105.3337 110.66
99.77099 116.1809 127.8094 86.75844 113.8991 87.44856 106.1463 83.01355 129.5039 79.5503 100.1961 144.1466 75.55958 136.4414 66.7027 77.25445 64.43019 65.04037 75.61911 73.77838 156.6046 152.0624 157.9565 162.4107 84.87638 78.17804 149.5869 60.63209 83.89659 107.1413 159.5658 125.6155 81.88559 155.3058 33.75595 65.20928 143.4617 141.3904 61.58937 86.32642 57.10736 137.2304 0 9.894539 14.08013 3.515837 37.37955 78.24339 155.2909 76.20531 156.6724 155.1265 79.75195 84.6029 165.9254 160.6277 156.409 45.8939 80.56209 99.57535 159.7381 105.3862 63.57083 67.40363 122.2643 103.4517 95.45287 116.2336 128.1688 130.3812 170.5616 173.301 139.8901 140.083 142.3815 140.4252 157.814 154.0884 156.4617 196.0517 165.9827 156.9498 169.1719 162.4477 167.7077 164.4536 167.6097 174.8607 170.2829 170.2388 177.3168 224.6742 231.931
108.5975 125.892 137.6689 94.56068 123.6608 90.93296 115.8583 86.75521 139.3982 83.42285 109.9234 153.9848 79.79907 146.2701 71.0368 86.70424 69.17875 69.19256 85.11061 74.90835 166.101 161.4748 167.3578 171.7637 82.2601 75.85595 158.8479 59.30587 79.39379 116.4327 168.4646 134.6296 75.55893 163.4773 42.82686 59.05275 151.9099 149.8102 55.02759 79.24598 49.99748 139.9216 9.894539 0 22.35198 8.594652 27.54559 70.09622 162.9427 83.247 164.1269 162.528 86.52727 75.70963 173.2893 167.9118 163.6332 36.33154 86.89878 90.6196 166.8296 96.31331 53.99646 57.93225 113.9394 93.57435 85.57482 106.3717 118.2808 120.4941 174.5945 177.2937 130.2037 130.4409 132.6979 131.6331 148.3752 145.5762 154.2936 196.9514 157.3214 149.2633 160.4331 154.5739 163.0715 156.7999 159.9459 166.5765 162.6049 163.5338 170.7903 223.9514 231.3372
96.16652 108.6336 118.8697 86.18649 106.0012 94.36631 98.66329 89.66884 119.6704 86.09588 92.65528 133.1353 81.68537 125.3635 72.91776 71.58911 70.11776 71.55418 69.77822 83.58529 144.1154 139.3803 145.2481 149.6028 97.5 90.66912 136.6163 72.67049 97.46187 94.24436 146.113 112.2943 95.92966 141.3673 20.63489 79.24645 129.6534 127.5657 75.66373 100.4042 71.17584 125.6706 14.08013 22.35198 0 13.81223 49.2833 92.11828 141.2268 62.16912 142.5938 141.0466 65.77259 98.04999 151.8453 146.5486 142.3324 58.5235 66.72706 112.969 145.6709 118.6634 72.29454 75.69016 126.7469 114.6124 105.6835 127.5343 139.0863 141.3153 157.8417 160.6051 148.5194 148.4924 150.9876 145.9623 165.3028 158.8238 150.2165 186.0242 171.0468 159.7655 174.4294 165.6412 164.953 167.1594 170.321 178.9413 173.0116 171.0161 177.7245 216.3614 223.4508
102.8208 118.6087 129.9337 90.09871 116.2513 90.86498 108.5772 86.45005 131.3942 82.99565 102.6082 145.6793 79.02918 137.9473 70.17439 79.97361 67.92357 68.49899 78.30567 76.87833 157.5353 152.8926 158.7738 163.1741 87.1724 80.54329 150.2535 63.21216 85.62139 107.8399 159.9014 126.0481 82.92332 155.1125 34.2324 66.29312 143.4531 141.3616 62.49622 87.03128 57.75908 134.7826 3.515837 8.594652 13.81223 0 35.97169 78.37871 154.783 75.33333 156.0548 154.4799 78.74946 84.24356 165.2607 159.9196 155.6686 44.91226 79.35329 99.17045 158.9301 104.8862 61.13601 64.87252 119.1429 101.8305 93.49747 114.6754 126.4718 128.6913 168.5233 171.2506 137.5213 137.6618 140.0084 137.4595 155.2002 151.0158 153.1049 193.1936 162.9594 153.6634 166.1773 159.1994 164.1943 161.1594 164.3169 171.7133 166.9923 166.8061 173.8662 221.5221 228.8006
132.5389 152.327 164.7088 116.1109 150.2857 102.0926 142.3182 98.7575 166.7362 95.91746 136.4507 181.5227 93.37402 173.8121 85.35574 112.4818 84.5692 83.21464 111.0133 81.12766 193.3911 188.6614 194.5265 198.8644 77.57692 72.5674 185.8287 60.72242 69.19578 143.502 194.8752 161.2784 59.66522 188.633 69.91818 45.39258 177.5938 175.4509 40.45012 60.52448 34.11084 153.6591 37.37955 27.54559 49.2833 35.97169 0 48.04454 187.1281 107.0292 187.9258 186.2318 109.7956 50.75756 196.8686 191.3587 186.9834 10.19658 109.3853 65.20875 189.8989 70.48532 30.68931 35.15682 95.05088 66.11634 58.75589 78.86225 90.88502 93.08893 190.9767 193.5544 104.6633 105.1553 107.1629 110.4295 124.0604 125.3811 155.0797 205.3825 136.3893 132.2637 139.1529 136.788 156.2785 139.8157 142.8825 147.0693 145.455 149.8783 157.6491 227.7579 235.4259
154.0923 180.8453 195.785 133.2637 179.685 101.3054 171.2938 100.048 199.8235 98.59823 165.928 217.1423 98.43582 209.7406 93.35297 140.49 94.57419 91.18723 139.5091 76.44352 232.9056 228.7805 234.6972 239.3271 54.75425 54.0288 226.8519 55.76239 38.8161 184.4807 237.5432 203.4792 21.31379 233.4835 111.8802 23.33333 221.705 219.6333 22.45242 15.83596 23.11805 201.1732 78.24339 70.09622 92.11828 78.37871 48.04454 0 233.0238 153.1756 234.1483 232.5275 156.2882 12.97605 243.2641 237.8465 233.5351 38.05406 156.304 25.05549 236.6357 31.45544 56.92929 60.07865 112.4885 51.95297 55.55878 59.77829 72.54501 74.23237 238.911 241.47 99.47082 101.172 101.681 120.2724 122.257 136.3969 195.3973 250.3893 144.5549 149.9693 146.1451 152.517 188.7556 157.016 159.7155 158.1448 161.9427 172.6874 180.9266 269.3858 277.2015
