0 10.63015 12.77693 166.4651 18.33712 64.36808 22.40884 54.38106 204.925
10.63015 0 3.041381 156.5003 10.59481 55.59901 13.67137 52.76225 195.4642
12.77693 3.041381 0 153.8632 7.615773 55.57877 10.64337 50.3421 194.8794
166.4651 156.5003 153.8632 0 148.4694 135.9327 144.2103 143.2604 149.8678
18.33712 10.59481 7.615773 148.4694 0 58.00862 4.333734 43.53153 195.438
64.36808 55.59901 55.57877 135.9327 58.00862 0 55.6869 95.82562 140.9433
22.40884 13.67137 10.64337 144.2103 4.333734 55.6869 0 43.38263 192.084
54.38106 52.76225 50.3421 143.2604 43.53153 95.82562 43.38263 0 222.7607
204.925 195.4642 194.8794 149.8678 195.438 140.9433 192.084 222.7607 0
