0 144.4503 142.9098 130.4366 140.0389 141.323 143.1141 129.6174
144.4503 0 4.272002 23.00543 5.59017 3.354102 5.3 29.80009
142.9098 4.272002 0 19.0263 2.915476 3.162278 9.068627 32.32282
130.4366 23.00543 19.0263 0 17.56417 20.09975 26.28003 41.71957
140.0389 5.59017 2.915476 17.56417 0 2.54951 9.007774 30.51912
141.323 3.354102 3.162278 20.09975 2.54951 0 6.529931 29.1606
143.1141 5.3 9.068627 26.28003 9.007774 6.529931 0 24.86714
129.6174 29.80009 32.32282 41.71957 30.51912 29.1606 24.86714 0
