0 133.637 79.40403 127.0039 128.9205 274.0456 257.1867
133.637 0 146.7199 104.1508 101.7264 162.6029 133.7322
79.40403 146.7199 0 78.00641 81.50153 307.5224 280.4461
127.0039 104.1508 78.00641 0 3.807887 263.5318 229.1397
128.9205 101.7264 81.50153 3.807887 0 260.5619 225.917
274.0456 162.6029 307.5224 263.5318 260.5619 0 44.40721
257.1867 133.7322 280.4461 229.1397 225.917 44.40721 0
