0 140.6095 53.37473 59.70104 143.4864 163.1698 169.4899 86.92694
140.6095 0 173.8297 172.2271 139.8667 34.01621 47.23671 165.7129
53.37473 173.8297 0 10.30776 126.9329 188.808 191.6088 48.74936
59.70104 172.2271 10.30776 0 117.8164 185.4844 187.5858 38.53894
143.4864 139.8667 126.9329 117.8164 0 129.227 122.3259 82.69129
163.1698 34.01621 188.808 185.4844 129.227 0 13.89889 171.9951
169.4899 47.23671 191.6088 187.5858 122.3259 13.89889 0 171.3389
86.92694 165.7129 48.74936 38.53894 82.69129 171.9951 171.3389 0
