0 116.4048 125.1822 146.8175 136.9198 156.1691 148.0695 176.4933
116.4048 0 40.08139 46.58246 58.27591 127.3462 77.65668 108.1433
125.1822 40.08139 0 22.86973 18.58095 88.89195 37.80685 69.10155
146.8175 46.58246 22.86973 0 25.34601 98.54308 40.60788 65.8635
136.9198 58.27591 18.58095 25.34601 0 74.18588 19.38191 50.54057
156.1691 127.3462 88.89195 98.54308 74.18588 0 58.53692 52.47049
148.0695 77.65668 37.80685 40.60788 19.38191 58.53692 0 32.01562
176.4933 108.1433 69.10155 65.8635 50.54057 52.47049 32.01562 0
