0 123.2155 56.89649 62.79996 76.97073 90.04642 157.8863
123.2155 0 158.9812 160.6898 159.9164 170.5319 158.092
56.89649 158.9812 0 7.017834 26.9772 37.54479 130.9108
62.79996 160.6898 7.017834 0 20.31183 30.52913 125.4243
76.97073 159.9164 26.9772 20.31183 0 13.25768 106.3507
90.04642 170.5319 37.54479 30.52913 13.25768 0 103.0873
157.8863 158.092 130.9108 125.4243 106.3507 103.0873 0
