0 118.0739 81.70382 88.48871 26.16332 83.82847 153.0435 172.0713 52.73225 150.6689 186.2164 89.48057 93.89075 95.51867 187.2445 189.8725 190.9313 144.2847 193.8993 189.7144 136.7034 159.7485 150.5148 156.9227 195.0773 161.1268 184.6899
118.0739 0 40.04844 31.39448 98.70204 165.0682 51.50776 76.27578 147.0482 56.34317 99.78246 155.6316 158.9957 161.9316 109.4527 117.1481 124.5223 136.9473 136.9434 130.9333 168.3956 177.1955 187.3708 149.6171 149.9412 164.1435 168.998
81.70382 40.04844 0 8.919138 66.89636 142.1043 87.2559 111.0397 118.9345 89.31034 132.118 136.7647 140.7254 143.4582 139.0553 145.2511 150.6646 141.8447 160.2455 154.5994 161.9134 176.1653 180.2629 155.5315 169.6109 167.3622 179.1271
88.48871 31.39448 8.919138 0 71.86793 144.852 78.42638 102.3246 123.065 80.68767 123.6814 138.3735 142.199 145 130.9623 137.3732 143.0784 137.9507 153.1184 147.397 160.6059 173.7054 179.1835 151.514 163.106 163.9573 174.3873
26.16332 98.70204 66.89636 71.86793 0 79.14259 129.0768 147.0961 52.63079 126.0337 160.4539 78.98242 83.37999 85.61542 161.1801 163.7235 164.7788 120.9001 167.9306 163.6752 119.5042 140.6778 135.1251 133.9795 169.6159 139.7176 161.5102
83.82847 165.0682 142.1043 144.852 79.14259 0 177.4491 187.0247 31.56755 170.6862 190.5296 19.42353 21.04544 20.05441 184.7859 183.0194 179.1931 105.814 174.598 172.7654 71.64075 97.72061 78.14212 113.3543 167.0725 108.721 138.7689
153.0435 51.50776 87.2559 78.42638 129.0768 177.4491 0 24.79221 167.8433 10.00717 49.04571 163.3228 165.607 168.5599 60.55139 69.32328 78.31152 116.0039 93.09174 87.02827 158.8703 160.0007 177.2102 125.9695 109.391 142.6009 138.5011
172.0713 76.27578 111.0397 102.3246 147.0961 187.0247 24.79221 0 181.1899 22.08933 25.17768 171.2556 172.9839 175.8515 38.63624 48.17222 58.32658 111.7989 74.50376 68.67807 158.7705 155.8356 176.1856 119.605 92.69865 136.6849 127.4344
52.73225 147.0482 118.9345 123.065 52.63079 31.56755 167.8433 181.1899 0 162.5008 188.8124 41.98677 45.92264 46.69047 185.5328 185.4294 183.421 118.5856 181.705 178.8916 95.30084 120.778 105.4371 128.6954 177.4876 127.8006 155.88
150.6689 56.34317 89.31034 80.68767 126.0337 170.6862 10.00717 22.08933 162.5008 0 43.55281 156.0045 158.1267 161.0605 53.40769 61.64865 70.05544 106.2103 84.27171 78.18816 149.6738 150.2721 167.8945 116.0388 100.0539 132.7121 128.5201
186.2164 99.78246 132.118 123.6814 160.4539 190.5296 49.04571 25.17768 188.8124 43.55281 0 173.3426 174.4594 177.1808 15.31484 25.04431 35.94568 103.4325 52.85453 47.56099 152.9522 146.0215 169.0571 108.6857 72.30223 125.6349 111.5365
89.48057 155.6316 136.7647 138.3735 78.98242 19.42353 163.3228 171.2556 41.98677 156.0045 173.3426 0 4.447221 6.749486 166.9406 164.7802 160.5886 86.40884 155.5394 153.852 54.16769 80.10929 63.45299 93.98256 147.7101 89.83998 119.623
93.89075 158.9957 140.7254 142.199 83.37999 21.04544 165.607 172.9839 45.92264 158.1267 174.4594 4.447221 0 2.981424 167.7049 165.2925 160.8263 85.54593 155.3237 153.8051 51.09278 77.1375 59.57443 92.55659 146.9602 87.67681 117.7521
95.51867 161.9316 143.4582 145 85.61542 20.05441 168.5599 175.8515 46.69047 161.0605 177.1808 6.749486 2.981424 0 170.3208 167.8235 163.2566 87.51968 157.5683 156.1225 51.61637 77.69679 59.16908 94.21518 148.9559 88.86507 119.1142
187.2445 109.4527 139.0553 130.9623 161.1801 184.7859 60.55139 38.63624 185.5328 53.40769 15.31484 166.9406 167.7049 170.3208 0 9.786898 20.63221 92.4427 37.5439 32.31775 142.5835 133.8642 157.9431 96.40338 57.07478 113.1107 97.26009
189.8725 117.1481 145.2511 137.3732 163.7235 183.0194 69.32328 48.17222 185.4294 61.64865 25.04431 164.7802 165.2925 167.8235 9.786898 0 10.98079 87.24398 27.93955 22.98429 137.582 127.4374 152.2964 90.04937 47.68046 106.449 88.98956
190.9313 124.5223 150.6646 143.0784 164.7788 179.1931 78.31152 58.32658 183.421 70.05544 35.94568 160.5886 160.8263 163.2566 20.63221 10.98079 0 80.23193 16.95893 12.19409 130.4726 118.9105 144.4785 81.77185 36.74843 97.76464 78.82486
144.2847 136.9473 141.8447 137.9507 120.9001 105.814 116.0039 111.7989 118.5856 106.2103 103.4325 86.40884 85.54593 87.51968 92.4427 87.24398 80.23193 0 71.50426 71.10162 50.34397 44.20121 65.6369 13.81695 61.43829 27.3466 40.62213
193.8993 136.9434 160.2455 153.1184 167.9306 174.598 93.09174 74.50376 181.705 84.27171 52.85453 155.5394 155.3237 157.5683 37.5439 27.93955 16.95893 71.50426 0 6.086733 120.741 106.7153 133.3782 70.55174 19.99478 85.48626 63.72164
189.7144 130.9333 154.5994 147.397 163.6752 172.7654 87.02827 68.67807 178.8916 78.18816 47.56099 153.852 153.8051 156.1225 32.31775 22.98429 12.19409 71.10162 6.086733 0 120.9207 108.0796 134.2191 71.33061 24.75735 86.8594 66.80682
136.7034 168.3956 161.9134 160.6059 119.5042 71.64075 158.8703 158.7705 95.30084 149.6738 152.9522 54.16769 51.09278 51.61637 142.5835 137.582 130.4726 50.34397 120.741 120.9207 0 26.08091 18.98522 50.74692 107.8406 40.11546 70.97018
159.7485 177.1955 176.1653 173.7054 140.6778 97.72061 160.0007 155.8356 120.778 150.2721 146.0215 80.10929 77.1375 77.69679 133.8642 127.4374 118.9105 44.20121 106.7153 108.0796 26.08091 0 28.41279 37.46123 91.05558 21.2352 49.25607
150.5148 187.3708 180.2629 179.1835 135.1251 78.14212 177.2102 176.1856 105.4371 167.8945 169.0571 63.45299 59.57443 59.16908 157.9431 152.2964 144.4785 65.6369 133.3782 134.2191 18.98522 28.41279 0 62.89563 118.681 48.59176 77.6671
156.9227 149.6171 155.5315 151.514 133.9795 113.3543 125.9695 119.605 128.6954 116.0388 108.6857 93.98256 92.55659 94.21518 96.40338 90.04937 81.77185 13.81695 70.55174 71.33061 50.74692 37.46123 62.89563 0 57.11446 17.10263 27.83534
195.0773 149.9412 169.6109 163.106 169.6159 167.0725 109.391 92.69865 177.4876 100.0539 72.30223 147.7101 146.9602 148.9559 57.07478 47.68046 36.74843 61.43829 19.99478 24.75735 107.8406 91.05558 118.681 57.11446 0 70.12125 45.16325
161.1268 164.1435 167.3622 163.9573 139.7176 108.721 142.6009 136.6849 127.8006 132.7121 125.6349 89.83998 87.67681 88.86507 113.1107 106.449 97.76464 27.3466 85.48626 86.8594 40.11546 21.2352 48.59176 17.10263 70.12125 0 30.87715
184.6899 168.998 179.1271 174.3873 161.5102 138.7689 138.5011 127.4344 155.88 128.5201 111.5365 119.623 117.7521 119.1142 97.26009 88.98956 78.82486 40.62213 63.72164 66.80682 70.97018 49.25607 77.6671 27.83534 45.16325 30.87715 0
