0 98.35909 130.1262 123.0561 96.70379 93.27996 140.4137 135.4512
98.35909 0 224.5022 217.5092 3.480102 7.211103 236.7717 224.8399
130.1262 224.5022 0 7.071068 223.5122 220.5567 18.57178 120.4668
123.0561 217.5092 7.071068 0 216.5041 213.5375 23.04348 117.7933
96.70379 3.480102 223.5122 216.5041 0 4.013865 235.5801 222.2636
93.27996 7.211103 220.5567 213.5375 4.013865 0 232.4614 218.3232
140.4137 236.7717 18.57178 23.04348 235.5801 232.4614 0 110.8604
135.4512 224.8399 120.4668 117.7933 222.2636 218.3232 110.8604 0
