0 89.5628 129.7733 132.6952 145.5526 151.4186
89.5628 0 110.8704 113.6002 122.4324 131.643
129.7733 110.8704 0 3.041381 15.7968 22.55672
132.6952 113.6002 3.041381 0 12.96234 19.51637
145.5526 122.4324 15.7968 12.96234 0 9.541721
151.4186 131.643 22.55672 19.51637 9.541721 0
