0 43.60012 120.1506 149.8779 163.8026 139.5924 143.2652 173.5254 184.2947
43.60012 0 157.5997 187.6717 205.8311 164.4358 172.5811 216.7613 227.8918
120.1506 157.5997 0 156.0414 62.64343 196.6012 186.4743 86.92061 113.2037
149.8779 187.6717 156.0414 0 136.0599 71.94804 51.51978 118.2932 100.6796
163.8026 205.8311 62.64343 136.0599 0 195.2487 179.6528 28.33804 58.37864
139.5924 164.4358 196.6012 71.94804 195.2487 0 21.08449 183.0908 170.1733
143.2652 172.5811 186.4743 51.51978 179.6528 21.08449 0 165.6756 151.0783
173.5254 216.7613 86.92061 118.2932 28.33804 183.0908 165.6756 0 30.19102
184.2947 227.8918 113.2037 100.6796 58.37864 170.1733 151.0783 30.19102 0
