0 100.9811 102.0183 100.9211 118.9109 123.4165 125.2001 50.78907
100.9811 0 4.110961 6.906519 20.80625 25.05993 137.294 144.3775
102.0183 4.110961 0 3.162278 18.02776 22.46108 134.2829 144.5035
100.9211 6.906519 3.162278 0 18.24829 22.7706 131.1423 142.7454
118.9109 20.80625 18.02776 18.24829 0 4.527693 137.228 159.5564
123.4165 25.05993 22.46108 22.7706 4.527693 0 139.2889 163.8574
125.2001 137.294 134.2829 131.1423 137.228 139.2889 0 116.1399
50.78907 144.3775 144.5035 142.7454 159.5564 163.8574 116.1399 0
