0 82.48046 55.24157 88.55859 43.52838 110.3123 116.6037 133.6963 34.21345 38.28256 155.305 160.665 50.26475 163.445 167.0843 74.24389 173.8769 76.41467 185.5529 186.6128 183.4345 186.5605 145.964 189.2061 189.1205 191.0999
82.48046 0 28.49407 7.113004 39.20811 33.37515 41.00062 60.07445 50.32652 115.9374 99.09939 104.0943 117.4532 107.6088 110.8452 136.8587 122.1215 132.0713 138.5873 145.5363 144.9511 148.7101 161.1026 155.5237 160.691 165.7668
55.24157 28.49407 0 35.30587 11.96014 60.34519 67.63404 86.39346 27.02623 90.85814 119.7913 125.0599 95.52382 128.3907 131.8543 117.0106 141.7535 114.2225 156.8531 161.8427 160.3128 163.9317 157.8342 169.4094 172.8218 176.9133
88.55859 7.113004 35.30587 0 45.62072 26.32727 33.97858 53.05186 55.74271 121.1982 93.01747 97.93493 121.8 101.4754 104.6542 140.542 116.1809 135.2424 132.8858 140.2365 139.8615 143.6393 160.3875 150.7291 156.2766 161.5607
43.52838 39.20811 11.96014 45.62072 0 69.30458 76.25316 94.54232 16.15549 78.90025 124.4227 129.769 83.94343 132.9699 136.5147 105.8004 145.6168 103.5338 159.9048 163.9045 161.9413 165.4645 151.6925 170.2791 172.8688 176.4905
110.3123 33.37515 60.34519 26.32727 69.30458 0 7.683321 26.73247 76.24057 139.616 69.69666 74.25042 136.9694 77.85002 80.78134 153.0324 93.12961 145.9884 110.5682 119.3374 119.7523 123.5602 156.4666 131.6086 138.5192 144.5252
116.6037 41.00062 67.63404 33.97858 76.25316 7.683321 0 19.07502 82.42296 144.9125 62.90537 67.3087 141.3959 70.91399 73.75143 156.6483 86.33077 149.1531 103.9531 113.1459 113.8103 117.6144 155.3477 125.9375 133.2508 139.4602
133.6963 60.07445 86.39346 53.05186 94.54232 26.73247 19.07502 0 99.50502 160.0453 48.54122 52.19435 154.8168 55.74271 58.13777 168.2883 71.43179 159.8812 89.50639 100.0484 101.5246 105.2723 156.0496 114.379 122.8564 129.6145
34.21345 50.32652 27.02623 55.74271 16.15549 76.24057 82.42296 99.50502 0 65.6144 123.4909 128.8759 68.64765 131.8484 135.4668 89.98687 143.3327 87.4314 156.3612 159.0006 156.4864 159.8577 137.7323 163.79 165.3409 168.3718
38.28256 115.9374 90.85814 121.1982 78.90025 139.616 144.9125 160.0453 65.6144 0 172.4536 177.5929 20.83867 179.8534 183.4353 41.96614 187.7472 48.74936 196.497 194.7735 190.6076 193.2388 131.1693 193.7942 191.2904 191.7095
155.305 99.09939 119.7913 93.01747 124.4227 69.69666 62.90537 48.54122 123.4909 172.4536 0 5.385165 161.5936 8.602325 12.09339 168.6467 23.43608 157.985 41.16042 51.58971 53.46027 57.1358 128.365 66.7205 76.20768 83.4702
160.665 104.0943 125.0599 97.93493 129.769 74.25042 67.3087 52.19435 128.8759 177.5929 5.385165 0 166.5368 3.605551 6.800735 173.2505 19.24188 162.4846 37.33202 48.63871 51.0392 54.61227 130.5886 64.53706 74.54492 81.99045
50.26475 117.4532 95.52382 121.8 83.94343 136.9694 141.3959 154.8168 68.64765 20.83867 161.5936 166.5368 0 168.5007 172.0007 24.00279 175.0607 28.37693 182.4065 179.5694 175.0671 177.4852 110.5667 177.283 173.9965 173.9303
163.445 107.6088 128.3907 101.4754 132.9699 77.85002 70.91399 55.74271 131.8484 179.8534 8.602325 3.605551 168.5007 0 3.640055 174.7882 15.69235 163.9093 33.82889 45.39307 48 51.52184 130.0707 61.57136 71.79794 79.31932
167.0843 110.8452 131.8543 104.6542 136.5147 80.78134 73.75143 58.13777 135.4668 183.4353 12.09339 6.800735 172.0007 3.640055 0 178.1234 13.72953 167.1945 31.86749 44.10771 47.13014 50.53959 132.0829 60.79142 71.36078 78.98559
74.24389 136.8587 117.0106 140.542 105.8004 153.0324 156.6483 168.2883 89.98687 41.96614 168.6467 173.2505 24.00279 174.7882 178.1234 0 179.3799 12.27714 184.4721 179.8088 174.7737 176.7692 97.18417 175.1283 170.2732 169.1276
173.8769 122.1215 141.7535 116.1809 145.6168 93.12961 86.33077 71.43179 143.3327 187.7472 23.43608 19.24188 175.0607 15.69235 13.72953 179.3799 0 168.0431 18.18166 30.56944 34.03307 37.27264 125.9246 47.72185 58.74829 66.50792
76.41467 132.0713 114.2225 135.2424 103.5338 145.9884 149.1531 159.8812 87.4314 48.74936 157.985 162.4846 28.37693 163.9093 167.1945 12.27714 168.0431 0 172.7233 167.8214 162.7337 164.6853 85.79654 162.9333 158.0106 156.8505
185.5529 138.5873 156.8531 132.8858 159.9048 110.5682 103.9531 89.50639 156.3612 196.497 41.16042 37.33202 182.4065 33.82889 31.86749 184.4721 18.18166 172.7233 0 14.33008 19.5768 21.83382 121.5943 32.43152 44.35348 52.22396
186.6128 145.5363 161.8427 140.2365 163.9045 119.3374 113.1459 100.0484 159.0006 194.7735 51.58971 48.63871 179.5694 45.39307 44.10771 179.8088 30.56944 167.8214 14.33008 0 6.1917 7.551867 111.0429 18.10253 30.08111 37.94017
183.4345 144.9511 160.3128 139.8615 161.9413 119.7523 113.8103 101.5246 156.4864 190.6076 53.46027 51.0392 175.0671 48 47.13014 174.7737 34.03307 162.7337 19.5768 6.1917 0 3.807887 104.8984 13.69221 25.03886 32.9028
186.5605 148.7101 163.9317 143.6393 165.4645 123.5602 117.6144 105.2723 159.8577 193.2388 57.1358 54.61227 177.4852 51.52184 50.53959 176.7692 37.27264 164.6853 21.83382 7.551867 3.807887 0 105.1127 10.6482 22.53393 30.39793
145.964 161.1026 157.8342 160.3875 151.6925 156.4666 155.3477 156.0496 137.7323 131.1693 128.365 130.5886 110.5667 130.0707 132.0829 97.18417 125.9246 85.79654 121.5943 111.0429 104.8984 105.1127 0 98.84474 89.59578 85.321
189.2061 155.5237 169.4094 150.7291 170.2791 131.6086 125.9375 114.379 163.79 193.7942 66.7205 64.53706 177.283 61.57136 60.79142 175.1283 47.72185 162.9333 32.43152 18.10253 13.69221 10.6482 98.84474 0 12.17167 19.94226
189.1205 160.691 172.8218 156.2766 172.8688 138.5192 133.2508 122.8564 165.3409 191.2904 76.20768 74.54492 173.9965 71.79794 71.36078 170.2732 58.74829 158.0106 44.35348 30.08111 25.03886 22.53393 89.59578 12.17167 0 7.874756
191.0999 165.7668 176.9133 161.5607 176.4905 144.5252 139.4602 129.6145 168.3718 191.7095 83.4702 81.99045 173.9303 79.31932 78.98559 169.1276 66.50792 156.8505 52.22396 37.94017 32.9028 30.39793 85.321 19.94226 7.874756 0
