0 149.7046 97.73753 118.7376 125.9745 168
149.7046 0 148.8067 58.16662 50.37038 90.47356
97.73753 148.8067 0 155.9776 158.104 108.9964
118.7376 58.16662 155.9776 0 9.202174 136.8133
125.9745 50.37038 158.104 9.202174 0 132.2565
168 90.47356 108.9964 136.8133 132.2565 0
