0 25.88568 146.9956 109.1595 102.5136 103.4953
25.88568 0 158.3122 134.434 125.3655 125.9365
146.9956 158.3122 0 122.3266 90.21317 86.41868
109.1595 134.434 122.3266 0 32.64966 36.31116
102.5136 125.3655 90.21317 32.64966 0 3.807887
103.4953 125.9365 86.41868 36.31116 3.807887 0
