0 94.71173 95.87922 66.04424 66.02947 80.22088 82.50334
94.71173 0 189.0023 51.04165 55.02954 147.6965 150.8526
95.87922 189.0023 0 160.3703 159.5941 113.6684 113.0761
66.04424 51.04165 160.3703 0 4.123106 98.4124 101.6083
66.02947 55.02954 159.5941 4.123106 0 95.01579 98.21532
80.22088 147.6965 113.6684 98.4124 95.01579 0 3.201562
82.50334 150.8526 113.0761 101.6083 98.21532 3.201562 0
