0 111.2185 109.1918 129.7193 137.0307 126.8996 145.7931 178.1074
111.2185 0 162.6415 150.4711 136.2628 156.3074 145.3973 158.8874
109.1918 162.6415 0 42.938 68.18052 32.56515 70.71088 105.8929
129.7193 150.4711 42.938 0 27.12534 11.3262 27.89897 63.03775
137.0307 136.2628 68.18052 27.12534 0 38.39339 9.748629 42.52122
126.8996 156.3074 32.56515 11.3262 38.39339 0 39.00416 73.45567
145.7931 145.3973 70.71088 27.89897 9.748629 39.00416 0 36.14865
178.1074 158.8874 105.8929 63.03775 42.52122 73.45567 36.14865 0
