0 54.71798 98.76367 113.157 128.098 36.84571 149.3476 32.93914 30.85494 40.77451 35.84649 170.3154 174.0742 175.4031 61.96754 179.739 187.3292 69.75804 73.76082 83.32861 188.7123 114.9562 188.7482 116.208 115.0014 190.0763 134.0617 190.3207 177.8596
54.71798 0 47.0678 62.71783 79.42955 20.32765 104.3585 87.65024 84.36071 92.58812 86.32107 134.2057 139.1614 141.5672 107.8585 147.7847 160.6756 107.5351 110.0131 120.7392 165.8734 138.5754 169.7081 130.0362 131.0142 175.7612 150.0143 180.9401 179.5046
98.76367 47.0678 0 15.91113 33.23359 61.92095 59.9333 130.9198 125.7507 132.0561 125.2398 95.74725 101.4549 104.6614 141.7631 112.1527 128.9028 135.7663 136.8804 147.2481 137.1249 152.6084 144.0549 137.2443 139.8642 153.8556 156.6046 163.0038 171.2796
113.157 62.71783 15.91113 0 17.44494 76.46174 44.63367 144.8255 139.1091 144.7742 137.8724 82.4578 88.3804 91.85948 152.7006 99.74057 117.7334 145.1087 145.7943 155.8667 126.9792 157.218 134.9615 139.9908 143.0818 145.9908 158.6979 156.4376 168.0317
128.098 79.42955 33.23359 17.44494 0 91.82421 27.51634 159.0468 152.72 157.6263 150.6702 67.28975 73.39236 77.14655 163.5187 85.38681 104.5982 154.249 154.4646 164.1228 114.8992 161.1079 123.9776 142.0758 145.6347 136.2648 159.8306 148.0499 163.1974
36.84571 20.32765 61.92095 76.46174 91.82421 0 114.3322 69.27629 65.01779 72.71055 66.30092 139.2305 143.6008 145.472 87.53524 150.7976 161.2715 87.72547 90.40242 101.0924 164.7998 121.5627 167.0369 115.3123 115.7264 171.2149 135.0361 174.5321 169.1747
149.3476 104.3585 59.9333 44.63367 27.51634 114.3322 0 178.7177 171.4329 175.0226 168.0744 42.20407 48.43253 52.55473 177.5366 61.17935 81.93216 165.7724 165.246 174.0632 93.70832 164.2547 104.349 142.8986 147.085 118.3795 158.6726 132.0464 152.5169
32.93914 87.65024 130.9198 144.8255 159.0468 69.27629 178.7177 0 10.53104 18.91306 20.61553 195.7538 198.9152 199.7448 44.29637 203.1443 208.0987 60.15397 64.85561 71.51224 207.6084 110.9407 205.7591 118.9285 116.3873 204.621 133.8096 202.2282 184.0278
30.85494 84.36071 125.7507 139.1091 152.72 65.01779 171.4329 10.53104 0 11.23566 10.4755 187.0255 190.025 190.7317 36.35361 193.9155 198.3827 50.62183 55.28022 62.57984 197.6341 101.0537 195.5827 108.5061 106.0326 194.2533 123.6153 191.74 173.5343
40.77451 92.58812 132.0561 144.7742 157.6263 72.71055 175.0226 18.91306 11.23566 0 6.967352 188.1993 190.8706 191.3216 25.54037 194.0269 197.259 41.49607 46.21205 52.60365 195.7175 92.48882 192.9179 101.7697 98.92514 190.6553 115.8319 187.211 167.2415
35.84649 86.32107 125.2398 137.8724 150.6702 66.30092 168.0744 20.61553 10.4755 6.967352 0 181.5423 184.2785 184.7837 27.12901 187.6003 191.175 40.20572 44.84696 52.39275 189.8954 90.58001 187.3744 98.35141 95.77578 185.5056 113.2254 182.5082 163.5543
170.3154 134.2057 95.74725 82.4578 67.28975 139.2305 42.20407 195.7538 187.0255 188.1993 181.5423 0 6.228475 10.44345 184.9507 19.1549 40.69653 169.6967 168.0167 175.062 53.63623 155.2015 65.70623 131.6448 136.4944 81.34284 143.4046 96.87754 123.6745
174.0742 139.1614 101.4549 88.3804 73.39236 143.6008 48.43253 198.9152 190.025 190.8706 184.2785 6.228475 0 4.387314 186.8417 13.05472 34.81286 171.1647 169.328 176.0809 48.03883 154.8112 60.41566 131.0708 135.9882 76.3408 142.0902 92.19773 120.1003
175.4031 141.5672 104.6614 91.85948 77.14655 145.472 52.55473 199.7448 190.7317 191.3216 184.7837 10.44345 4.387314 0 186.7085 8.714473 30.42559 170.7352 168.7876 175.3283 43.68352 153.1188 56.13825 129.2826 134.2386 72.15533 139.8177 88.132 116.5423
61.96754 107.8585 141.7631 152.7006 163.5187 87.53524 177.5366 44.29637 36.35361 25.54037 27.12901 184.9507 186.8417 186.7085 0 188.3026 188.7484 19.91972 24.24026 27.99254 185.4862 69.84943 181.0965 82.73526 79.16243 176.8662 94.37415 171.5078 148.1514
179.739 147.7847 112.1527 99.74057 85.38681 150.7976 61.17935 203.1443 193.9155 194.0269 187.6003 19.1549 13.05472 8.714473 188.3026 0 21.89713 171.7758 169.6121 175.7152 35.47261 151.6011 48.28135 127.6242 132.648 64.6112 137.0623 80.95355 110.751
187.3292 160.6756 128.9028 117.7334 104.5982 161.2715 81.93216 208.0987 198.3827 197.259 191.175 40.69653 34.81286 30.42559 188.7484 21.89713 0 170.9921 168.3086 173.2425 14.09463 144.6717 27.5124 120.7374 125.8363 44.28961 127.2748 61.24869 93.92277
69.75804 107.5351 135.7663 145.1087 154.249 87.72547 165.7724 60.15397 50.62183 41.49607 40.20572 169.6967 171.1647 170.7352 19.91972 171.7758 170.9921 0 4.716991 13.72953 167.0905 51.06691 162.1919 62.82117 59.30008 157.4474 74.98333 151.744 128.2821
73.76082 110.0131 136.8804 145.7943 154.4646 90.40242 165.246 64.85561 55.28022 46.21205 44.84696 168.0167 169.328 168.7876 24.24026 169.6121 168.3086 4.716991 0 10.73546 164.1036 46.35886 158.9332 58.56834 54.9295 153.8589 70.36512 147.8513 123.917
83.32861 120.7392 147.2481 155.8667 164.1228 101.0924 174.0632 71.51224 62.57984 52.60365 52.39275 175.062 176.0809 175.3283 27.99254 175.7152 173.2425 13.72953 10.73546 0 168.2684 42.65869 162.3403 58.87274 54.626 156.2269 67.80118 149.1082 122.9667
188.7123 165.8734 137.1249 126.9792 114.8992 164.7998 93.70832 207.6084 197.6341 195.7175 189.8954 53.63623 48.03883 43.68352 185.4862 35.47261 14.09463 167.0905 164.1036 168.2684 0 137.2139 13.51589 113.5837 118.6602 30.33522 118.2719 47.43416 81.23927
114.9562 138.5754 152.6084 157.218 161.1079 121.5627 164.2547 110.9407 101.0537 92.48882 90.58001 155.2015 154.8112 153.1188 69.84943 151.6011 144.6717 51.06691 46.35886 42.65869 137.2139 0 129.1075 24.02781 18.96402 120.328 25.43105 110.8272 81.48413
188.7482 169.7081 144.0549 134.9615 123.9776 167.0369 104.349 205.7591 195.5827 192.9179 187.3744 65.70623 60.41566 56.13825 181.0965 48.28135 27.5124 162.1919 158.9332 162.3403 13.51589 129.1075 0 105.9706 110.9747 16.81938 108.8161 33.9507 68.53684
116.208 130.0362 137.2443 139.9908 142.0758 115.3123 142.8986 118.9285 108.5061 101.7697 98.35141 131.6448 131.0708 129.2826 82.73526 127.6242 120.7374 62.82117 58.56834 58.87274 113.5837 24.02781 105.9706 0 5.09902 98.22662 20.02498 90.28981 65.60942
115.0014 131.0142 139.8642 143.0818 145.6347 115.7264 147.085 116.3873 106.0326 98.92514 95.77578 136.4944 135.9882 134.2386 79.16243 132.648 125.8363 59.30008 54.9295 54.626 118.6602 18.96402 110.9747 5.09902 0 103.0408 19.41649 94.78001 68.98902
190.0763 175.7612 153.8556 145.9908 136.2648 171.2149 118.3795 204.621 194.2533 190.6553 185.5056 81.34284 76.3408 72.15533 176.8662 64.6112 44.28961 157.4474 153.8589 156.2269 30.33522 120.328 16.81938 98.22662 103.0408 0 98.32976 17.2327 53.2613
134.0617 150.0143 156.6046 158.6979 159.8306 135.0361 158.6726 133.8096 123.6153 115.8319 113.2254 143.4046 142.0902 139.8177 94.37415 137.0623 127.2748 74.98333 70.36512 67.80118 118.2719 25.43105 108.8161 20.02498 19.41649 98.32976 0 87.32268 56.2366
190.3207 180.9401 163.0038 156.4376 148.0499 174.5321 132.0464 202.2282 191.74 187.211 182.5082 96.87754 92.19773 88.132 171.5078 80.95355 61.24869 151.744 147.8513 149.1082 47.43416 110.8272 33.9507 90.28981 94.78001 17.2327 87.32268 0 37.45354
177.8596 179.5046 171.2796 168.0317 163.1974 169.1747 152.5169 184.0278 173.5343 167.2415 163.5543 123.6745 120.1003 116.5423 148.1514 110.751 93.92277 128.2821 123.917 122.9667 81.23927 81.48413 68.53684 65.60942 68.98902 53.2613 56.2366 37.45354 0
