0 121.1709 124.6241 150.2814 112.5434 93.11278 113.1575 158.3898 169.0407
121.1709 0 16.52172 132.7768 51.67688 198.1767 55.47071 210.2784 220.0023
124.6241 16.52172 0 118.1303 38.31899 195.6461 41.96359 200.0214 209.444
150.2814 132.7768 118.1303 0 81.34682 158.7448 77.54152 104.0334 110.2217
112.5434 51.67688 38.31899 81.34682 0 168.5007 3.807887 162.5192 171.728
93.11278 198.1767 195.6461 158.7448 168.5007 0 167.0479 102.8834 111.018
113.1575 55.47071 41.96359 77.54152 3.807887 167.0479 0 159.2608 168.4043
158.3898 210.2784 200.0214 104.0334 162.5192 102.8834 159.2608 0 10.77033
169.0407 220.0023 209.444 110.2217 171.728 111.018 168.4043 10.77033 0
