0 106.7372 110.3515 152.4972 115.1406 56.73156 121.4223
106.7372 0 3.72678 70.87791 10.93415 160.6888 154.5766
110.3515 3.72678 0 68.47924 7.81025 164.1493 156.1383
152.4972 70.87791 68.47924 0 60.83756 195.7869 140.6672
115.1406 10.93415 7.81025 60.83756 0 168.0238 154.369
56.73156 160.6888 164.1493 195.7869 168.0238 0 117.7694
121.4223 154.5766 156.1383 140.6672 154.369 117.7694 0
