0 121.5613 45.063 51.34651 53.81426 55.30985
121.5613 0 113.251 111.7001 105.8547 93.65176
45.063 113.251 0 6.5 11.29436 20.94039
51.34651 111.7001 6.5 0 6.309715 18.11767
53.81426 105.8547 11.29436 6.309715 0 12.21935
55.30985 93.65176 20.94039 18.11767 12.21935 0
