0 134.948 84.82049 169.0976 166.2077 209.4803 272.9469 262.2079
134.948 0 141.1493 143.6033 139.4985 162.0534 160.0696 148.7989
84.82049 141.1493 0 233.7931 230.2007 269.0195 300.2764 221.0487
169.0976 143.6033 233.7931 0 4.123106 42.80187 153.7335 282.6464
166.2077 139.4985 230.2007 4.123106 0 44.59821 152.3975 278.7867
209.4803 162.0534 269.0195 42.80187 44.59821 0 125.865 288.0226
272.9469 160.0696 300.2764 153.7335 152.3975 125.865 0 218.1124
262.2079 148.7989 221.0487 282.6464 278.7867 288.0226 218.1124 0
