0 137.8751 137.955 125.6842 138.2634 121.9967
137.8751 0 2.801363 15.07724 6.486138 15.88606
137.955 2.801363 0 13.74893 9.284564 16.10124
125.6842 15.07724 13.74893 0 19.62221 8.69509
138.2634 6.486138 9.284564 19.62221 0 17.54859
121.9967 15.88606 16.10124 8.69509 17.54859 0
