0 125.0966 123.0539 151.9044 126.9234 128.9136 159.5659
125.0966 0 66.57105 203.3944 206.7317 208.4855 260.5165
123.0539 66.57105 0 145.5215 159.2328 160.6863 219.2768
151.9044 203.3944 145.5215 0 46.49695 45.90894 101.9098
126.9234 206.7317 159.2328 46.49695 0 2 63.07139
128.9136 208.4855 160.6863 45.90894 2 0 62.24147
159.5659 260.5165 219.2768 101.9098 63.07139 62.24147 0
