0 147.2579 143.9331 144.5652 138.7459 127.9325 117.5932
147.2579 0 21.96337 19.25259 29.26918 37.79196 85.69269
143.9331 21.96337 0 2.744242 8.423597 19.95584 66.24832
144.5652 19.25259 2.744242 0 10.94727 22.04364 68.77428
138.7459 29.26918 8.423597 10.94727 0 12.11103 57.83875
127.9325 37.79196 19.95584 22.04364 12.11103 0 47.90152
117.5932 85.69269 66.24832 68.77428 57.83875 47.90152 0
