0 102.1928 97.09894 104.4323 104.3674 145.1257
102.1928 0 12.20656 16.03122 21.25131 141.9728
97.09894 12.20656 0 8.485281 11.90034 129.9172
104.4323 16.03122 8.485281 0 5.349585 127.3447
104.3674 21.25131 11.90034 5.349585 0 122.0979
145.1257 141.9728 129.9172 127.3447 122.0979 0
