0 127.1041 96.80409 94.5674 83.60146 87.42365 164.7105
127.1041 0 112.3685 106.7429 84.35423 77.39742 111.8479
96.80409 112.3685 0 5.700877 30.16957 35.79028 206.4655
94.5674 106.7429 5.700877 0 24.56783 30.0906 200.9341
83.60146 84.35423 30.16957 24.56783 0 7.462522 176.3894
87.42365 77.39742 35.79028 30.0906 7.462522 0 171.737
164.7105 111.8479 206.4655 200.9341 176.3894 171.737 0
