0 15.42862 37.17234 141.0825 104.4284 91.84292 114.443 134.7222 131.8153
15.42862 0 48.37355 149.8117 119.4717 91.5478 129.5415 150.0833 144.0826
37.17234 48.37355 0 157.2732 78.20972 124.6796 88.4138 111.8258 137.2259
141.0825 149.8117 157.2732 0 147.0401 88.71611 149.4864 145.7433 45.41789
104.4284 119.4717 78.20972 147.0401 0 160.6032 10.23081 34.59817 108.3387
91.84292 91.5478 124.6796 88.71611 160.6032 0 168 177.6288 111.7112
114.443 129.5415 88.4138 149.4864 10.23081 168 0 25.29822 109.016
134.7222 150.0833 111.8258 145.7433 34.59817 177.6288 25.29822 0 102.0031
131.8153 144.0826 137.2259 45.41789 108.3387 111.7112 109.016 102.0031 0
