0 38.18351 139.4205 104.573 90.61289 114.793 134.9253 130.8009 183.8868
38.18351 0 156.6198 77.96474 124.6796 88.4138 111.8258 136.8891 200.927
139.4205 156.6198 0 146.5119 88.22995 149.0025 145.343 45.33374 44.62301
104.573 77.96474 146.5119 0 160.4572 10.47378 34.8382 108.0437 184.0073
90.61289 124.6796 88.22995 160.4572 0 168 177.6288 111.6135 123.903
114.793 88.4138 149.0025 10.47378 168 0 25.29822 108.702 184.9106
134.9253 111.8258 145.343 34.8382 177.6288 25.29822 0 101.7318 176.8581
130.8009 136.8891 45.33374 108.0437 111.6135 108.702 101.7318 0 76.21028
183.8868 200.927 44.62301 184.0073 123.903 184.9106 176.8581 76.21028 0
