0 117.1535 100.6451 119.0405 130.9465 82.74296 124.8638 132.0824
117.1535 0 118.4409 159.1045 186.5398 174.4614 237.7819 248.7373
100.6451 118.4409 0 212.2852 229.0101 86.4499 209.3621 204.0098
119.0405 159.1045 212.2852 0 29.99569 197.0541 146.5691 174.7713
130.9465 186.5398 229.0101 29.99569 0 202.6914 130.264 160.8285
82.74296 174.4614 86.4499 197.0541 202.6914 0 138.444 125.0501
124.8638 237.7819 209.3621 146.5691 130.264 138.444 0 32.59601
132.0824 248.7373 204.0098 174.7713 160.8285 125.0501 32.59601 0
