0 122.0314 132.2414 141.4581 153.9978 30.833 159.9389 38.70234 52.60409 165.5069 172.3759 174.4649 176.6757 75.81557 71.85625 186.8035 136.1811 186.2096 185.4105 187.0946 186.6248 184.7685 189.4306 190.107 189.371
122.0314 0 10.75839 21.04156 41.40767 148.6209 57.95728 153.0452 153.4363 66.54377 75.28919 83.70376 85.63271 160.2586 163.5465 104.2908 160.3034 111.3079 120.9995 125.3577 131.4373 137.0587 138.4216 142.8572 152.7294
132.2414 10.75839 0 10.37575 32.10175 158.3762 50.14399 162.5493 162.1688 58.85472 67.53541 76.64223 78.44923 167.8807 171.5577 97.69793 163.4434 105.5147 116.2348 120.7817 127.4565 133.7715 134.7143 139.4477 150.2071
141.4581 21.04156 10.37575 0 23.00326 166.9978 42.29125 170.8691 169.6221 50.97784 59.48319 69.1755 70.84667 174.1381 178.2169 90.51194 165.2163 99.03488 110.6628 115.3615 122.5627 129.5017 130.0414 135.0333 146.5841
153.9978 41.40767 32.10175 23.00326 0 177.1733 20.15902 180.0128 176.1213 28.58439 36.81823 46.97588 48.49186 177.2472 182.3708 68.42604 157.7276 77.68511 90.40719 95.27478 103.1758 111.0073 110.9155 116.2574 128.9632
30.833 148.6209 158.3762 166.9978 177.1733 0 180.5799 9.219544 29.59394 185.1916 191.2694 191.8593 194.0026 55.96479 49.25444 201.637 128.7003 199.341 196.1734 197.1198 195.1362 191.6223 196.7497 196.472 193.1863
159.9389 57.95728 50.14399 42.29125 20.15902 180.5799 0 182.4317 176.194 8.720311 17.39998 26.93032 28.55868 174.3016 180.2739 48.35005 146.1217 57.53826 70.53002 75.44865 83.63168 91.89008 91.46613 96.96265 110.246
38.70234 153.0452 162.5493 170.8691 180.0128 9.219544 182.4317 0 21.44375 186.6725 192.4396 192.5019 194.6124 47.81133 40.60788 201.3748 122.5887 198.5369 194.6407 195.3569 192.9265 188.9412 194.1805 193.6266 189.6324
52.60409 153.4363 162.1688 169.6221 176.1213 29.59394 176.194 21.44375 0 179.5523 184.5755 183.4823 185.5058 26.41622 19.94087 190.384 102.2614 186.4673 181.1735 181.4495 178.2059 173.3977 178.8076 177.7729 172.6088
165.5069 66.54377 58.85472 50.97784 28.58439 185.1916 8.720311 186.6725 179.5523 0 8.745844 18.39809 19.92281 176.4278 182.7353 39.84911 144.2431 49.4446 63.02316 68.00244 76.52572 85.21447 84.44203 90.0874 103.8793
172.3759 75.28919 67.53541 59.48319 36.81823 191.2694 17.39998 192.4396 184.5755 8.745844 0 11.04536 12.04159 180.3614 186.9599 32.07187 144.3897 42.44099 56.88585 61.9175 70.88106 80.11103 78.863 84.68323 99.08315
174.4649 83.70376 76.64223 69.1755 46.97588 191.8593 26.93032 192.5019 183.4823 18.39809 11.04536 0 2.236068 177.7127 184.6943 21.45135 137.4169 31.42136 45.89118 50.92724 59.99271 69.40541 67.98294 73.85289 88.47567
176.6757 85.63271 78.44923 70.84667 48.49186 194.0026 28.55868 194.6124 185.5058 19.92281 12.04159 2.236068 0 179.5811 186.6039 20.05671 138.5901 30.51037 45.35416 50.39268 59.61229 69.20581 67.60453 73.52721 88.33949
75.81557 160.2586 167.8807 174.1381 177.2472 55.96479 174.3016 47.81133 26.41622 176.4278 180.3614 177.7127 179.5811 0 9.395195 181.7387 79.26213 176.3266 169.0412 168.6467 164.1987 158.1619 163.7697 161.9837 154.9718
71.85625 163.5465 171.5577 178.2169 182.3708 49.25444 180.2739 40.60788 19.94087 182.7353 186.9599 184.6943 186.6039 9.395195 0 189.3936 88.62985 184.2914 177.3866 177.1139 172.8674 167.0163 172.6004 170.9218 164.1346
186.8035 104.2908 97.69793 90.51194 68.42604 201.637 48.35005 201.3748 190.384 39.84911 32.07187 21.45135 20.05671 181.7387 189.3936 0 132.4472 12.06642 28.14535 32.99053 42.81104 53.25144 50.62915 56.73985 72.43297
136.1811 160.3034 163.4434 165.2163 157.7276 128.7003 146.1217 122.5887 102.2614 144.2431 144.3897 137.4169 138.5901 79.26213 88.62985 132.4472 0 123.2414 110.942 108.6636 101.2341 92.32978 97.99503 94.33696 83.1029
186.2096 111.3079 105.5147 99.03488 77.68511 199.341 57.53826 198.5369 186.4673 49.4446 42.44099 31.42136 30.51037 176.3266 184.2914 12.06642 123.2414 0 16.09884 20.92415 30.75645 41.26291 38.56276 44.67449 60.4098
185.4105 120.9995 116.2348 110.6628 90.40719 196.1734 70.53002 194.6407 181.1735 63.02316 56.88585 45.89118 45.35416 169.0412 177.3866 28.14535 110.942 16.09884 0 5.038871 14.66714 25.20141 22.53859 28.62254 44.31404
187.0946 125.3577 120.7817 115.3615 95.27478 197.1198 75.44865 195.3569 181.4495 68.00244 61.9175 50.92724 50.39268 168.6467 177.1139 32.99053 108.6636 20.92415 5.038871 0 9.931981 20.70651 17.63931 23.75673 39.63236
186.6248 131.4373 127.4565 122.5627 103.1758 195.1362 83.63168 192.9265 178.2059 76.52572 70.88106 59.99271 59.61229 164.1987 172.8674 42.81104 101.2341 30.75645 14.66714 9.931981 0 10.8583 7.992646 13.9866 29.70476
184.7685 137.0587 133.7715 129.5017 111.0073 191.6223 91.89008 188.9412 173.3977 85.21447 80.11103 69.40541 69.20581 158.1619 167.0163 53.25144 92.32978 41.26291 25.20141 20.70651 10.8583 0 5.73087 5.974483 19.23319
189.4306 138.4216 134.7143 130.0414 110.9155 196.7497 91.46613 194.1805 178.8076 84.44203 78.863 67.98294 67.60453 163.7697 172.6004 50.62915 97.99503 38.56276 22.53859 17.63931 7.992646 5.73087 0 6.133741 22.27774
190.107 142.8572 139.4477 135.0333 116.2574 196.472 96.96265 193.6266 177.7729 90.0874 84.68323 73.85289 73.52721 161.9837 170.9218 56.73985 94.33696 44.67449 28.62254 23.75673 13.9866 5.974483 6.133741 0 16.24638
189.371 152.7294 150.2071 146.5841 128.9632 193.1863 110.246 189.6324 172.6088 103.8793 99.08315 88.47567 88.33949 154.9718 164.1346 72.43297 83.1029 60.4098 44.31404 39.63236 29.70476 19.23319 22.27774 16.24638 0
