0 144.5792 140.763 131.5048 114.3096 110.4127 114.5212 106.8816
144.5792 0 4.527884 34.1927 63.95616 64.10258 66.06543 66.00296
140.763 4.527884 0 34.73871 63.47791 63.34057 65.63366 65.02585
131.5048 34.1927 34.73871 0 31.14482 32.26841 33.06055 34.96069
114.3096 63.95616 63.47791 31.14482 0 4.031129 2.236068 7.433034
110.4127 64.10258 63.34057 32.26841 4.031129 0 5.220153 3.605551
114.5212 66.06543 65.63366 33.06055 2.236068 5.220153 0 8.01561
106.8816 66.00296 65.02585 34.96069 7.433034 3.605551 8.01561 0
