0 100.3805 105.459 86.43273 132.5271 52.48049
100.3805 0 5.104284 13.9564 131.919 139.9837
105.459 5.104284 0 19.0263 134.3829 145.0009
86.43273 13.9564 19.0263 0 127.7911 126.8316
132.5271 131.919 134.3829 127.7911 0 117.9449
52.48049 139.9837 145.0009 126.8316 117.9449 0
