0 143.5623 44.75329 51.03552 49.8741 131.0973 53.91362 55.0057 58.56594
143.5623 0 164.3609 166.5849 160.5362 130.6605 163.4151 152.6826 151.9201
44.75329 164.3609 0 6.5 9.192388 110.4514 11.51623 20.94039 24.86966
51.03552 166.5849 6.5 0 6.5 107.0036 6.318941 18.11767 21.56965
49.8741 160.5362 9.192388 6.5 0 101.4609 4.164814 12.04159 15.81139
131.0973 130.6605 110.4514 107.0036 101.4609 0 100.7393 89.51236 85.64973
53.91362 163.4151 11.51623 6.318941 4.164814 100.7393 0 12.43253 15.5353
55.0057 152.6826 20.94039 18.11767 12.04159 89.51236 12.43253 0 4.123106
58.56594 151.9201 24.86966 21.56965 15.81139 85.64973 15.5353 4.123106 0
