0 8.916171 154.0541 134.0126 176.4542 188.7217 190.9097
8.916171 0 162.8399 142.7874 183.1993 195.9749 198.5528
154.0541 162.8399 0 20.07469 92.78295 84.84976 74.05623
134.0126 142.7874 20.07469 0 93.0336 89.62255 81.71172
176.4542 183.1993 92.78295 93.0336 0 21.22251 35.41029
188.7217 195.9749 84.84976 89.62255 21.22251 0 15.6035
190.9097 198.5528 74.05623 81.71172 35.41029 15.6035 0
