0 97.13151 104.0259 106.15 123.2037 118.9107 73.04613
97.13151 0 196.9772 199.6121 220.1401 216.0116 149.2488
104.0259 196.9772 0 3.605551 41.24019 51.0392 117.9288
106.15 199.6121 3.605551 0 37.81208 48 117.8278
123.2037 220.1401 41.24019 37.81208 0 14.98065 111.0097
118.9107 216.0116 51.0392 48 14.98065 0 98.96363
73.04613 149.2488 117.9288 117.8278 111.0097 98.96363 0
