0 102.5032 44.82818 39.50696 29.45575 44.42025 41.44029 43.86993 45.70639 45.08496 45.53203 153.3644 42.51167 43.99396 50.2478 121.1349 152.1207 179.3524 125.2183 122.2873 128.3396 131.1561 145.3936 130.781 187.3687 132.7427 134.5045 192.2568 155.5216 195.014 158.669 181.8301 172.607 177.8964
102.5032 0 59.33875 63.53729 74.8054 146.8873 143.9196 146.3655 147.5254 143.9954 143.6596 69.48271 138.6476 138.321 142.7792 166.7696 75.79664 112.4105 143.6444 146.2302 141.7722 141.252 146.1699 143.1562 142.4724 143.3085 142.1218 151.9636 158.4079 163.0144 162.5268 172.9399 181.4816 184.9914
44.82818 59.33875 0 6.209871 23.67371 88.52683 85.61542 88.32327 90.53452 89.06739 89.1852 118.636 85.14693 85.73524 91.25985 141.4948 120.2215 152.3716 132.5002 132.0341 133.4541 134.8935 145.7847 135.5775 169.9014 136.8247 137.3208 176.9477 157.5087 183.3825 161.2762 179.8039 178.1832 182.8893
39.50696 63.53729 6.209871 0 17.54063 83.59463 80.65397 83.25601 85.14877 83.30104 83.36104 120.4381 79.20898 79.72159 85.18709 135.9228 121.3866 152.6728 127.9518 127.2539 129.1242 130.7127 142.0223 131.2909 168.6351 132.6181 133.25 175.375 153.6199 181.2955 157.3342 176.4559 173.9837 178.7641
29.45575 74.8054 23.67371 17.54063 0 73.34015 70.34044 72.44385 72.91281 69.26359 69.02013 124.0414 64.27891 64.33099 69.37759 119.1868 123.1813 151.6776 113.7101 112.4164 115.4518 117.4281 129.7939 117.7215 163.1061 119.2537 120.2447 168.949 140.9921 173.4132 144.5491 165.1682 160.465 165.4225
44.42025 146.8873 88.52683 83.59463 73.34015 0 3 3.162278 11.59741 23.4094 25.63201 195.9 30.01666 33.75324 38.28439 126.5878 193.6049 218.1423 143.4599 138.6001 148.1654 151.8922 167.7731 150.6594 220.5504 153.0555 155.7241 223.9091 175.9318 224.0749 178.362 204.1425 188.8869 194.4185
41.44029 143.9196 85.61542 80.65397 70.34044 3 0 3.605551 11.59741 22.56103 24.73863 192.9324 28.63564 32.38103 37.26519 125.4174 190.6721 215.3217 141.5895 136.8247 146.219 149.9041 165.7241 148.7153 217.992 151.0927 153.7173 221.4288 174.0029 221.7281 176.4766 202.1433 187.2118 192.737
43.86993 146.3655 88.32327 83.25601 72.44385 3.162278 3.605551 0 8.514693 20.24846 22.47221 194.4947 26.92582 30.65585 35.12873 123.4386 192.0196 216.2003 140.5043 135.6024 145.2481 148.9975 164.9129 147.7405 218.1479 150.1466 152.8398 221.4104 173.0029 221.4378 175.4109 201.2503 185.8474 191.3811
45.70639 147.5254 90.53452 85.14877 72.91281 11.59741 11.59741 8.514693 0 12.34909 14.57738 193.0657 19.81161 23.41541 27.2157 115.4936 190.0504 213.0887 133.721 128.6177 138.638 142.486 158.54 141.1214 213.49 143.5705 146.3711 216.4072 166.3205 215.9232 168.6253 194.7166 178.6204 184.1629
45.08496 143.9954 89.06739 83.30104 69.26359 23.4094 22.56103 20.24846 12.34909 0 2.236068 185.9294 8.062258 11.34818 14.91178 103.2353 182.269 203.9644 121.5737 116.3873 126.5741 130.4732 146.5972 129.0513 202.8213 131.5219 134.3801 205.4323 154.2077 204.534 156.4641 182.6693 166.3077 171.8517
45.53203 143.6596 89.1852 83.36104 69.02013 25.63201 24.73863 22.47221 14.57738 2.236068 0 184.8706 6.324555 9.329054 12.67653 101.0008 181.0816 202.496 119.4267 114.2147 124.4508 128.3637 144.5054 126.9262 201.0236 129.4025 132.2762 203.5663 152.0691 202.5735 154.3114 180.5478 164.1044 169.649
153.3644 69.48271 118.636 120.4381 124.0414 195.9 192.9324 194.4947 193.0657 185.9294 184.8706 0 178.8333 177.1929 179.6189 167.7863 12.75783 46.74906 132.5928 138.1535 127.8497 125.1497 121.8775 128.0443 86.16413 126.874 123.9778 97.10537 132.2906 111.803 136.0935 135.4995 154.5325 156.1997
42.51167 138.6476 85.14693 79.20898 64.27891 30.01666 28.63564 26.92582 19.81161 8.062258 6.324555 178.8333 0 3.745831 9.523363 96.81546 174.9307 196.1889 113.9155 108.8531 118.8276 122.6835 138.7587 121.3106 194.7678 123.7619 126.5741 197.3703 146.5094 196.5049 148.822 174.909 158.9725 164.51
43.99396 138.321 85.73524 79.72159 64.33099 33.75324 32.38103 30.65585 23.41541 11.34818 9.329054 177.1929 3.745831 0 6.539676 93.07959 173.0627 193.8116 110.3142 105.2059 115.2694 119.1508 135.2596 117.7493 191.8001 120.2114 123.0519 194.2798 142.9275 193.245 145.2155 171.3601 155.2785 160.8175
50.2478 142.7792 91.25985 85.18709 69.37759 38.28439 37.26519 35.12873 27.2157 14.91178 12.67653 179.6189 9.523363 6.539676 0 88.32487 175.0698 194.7455 107.4466 102.0557 112.6323 116.6374 132.8852 115.0925 191.246 117.6068 120.5848 193.358 140.1274 191.7685 142.2721 168.7089 151.7068 157.2548
121.1349 166.7696 141.4948 135.9228 119.1868 126.5878 125.4174 123.4386 115.4936 103.2353 101.0008 167.7863 96.81546 93.07959 88.32487 0 157.9275 160.2651 39.96305 32.72815 46.5156 50.93146 64.98904 47.88464 137.8507 50.35257 54.35183 135.2552 65.84763 127.2768 66.10709 93.22137 68.68473 74.05286
152.1207 75.79664 120.2215 121.3866 123.1813 193.6049 190.6721 192.0196 190.0504 182.269 181.0816 12.75783 174.9307 173.0627 175.0698 157.9275 0 36.98907 121.7991 127.6122 116.8146 113.9254 109.9325 116.8808 74.06024 115.5911 112.5639 84.89473 120.1156 99.32551 123.8704 122.7809 142.1775 143.7393
179.3524 112.4105 152.3716 152.6728 151.6776 218.1423 215.3217 216.2003 213.0887 203.9644 202.496 46.74906 196.1889 193.8116 194.7455 160.2651 36.98907 0 120.9101 127.7975 114.8041 110.9195 101.8806 114.0794 43.99775 112.1065 108.396 55.06753 109.323 71.36748 112.3942 103.462 128.4857 128.67
125.2183 143.6444 132.5002 127.9518 113.7101 143.4599 141.5895 140.5043 133.721 121.5737 119.4267 132.5928 113.9155 110.3142 107.4466 39.96305 121.7991 120.9101 0 7.369615 6.667389 11.25312 27.0921 8.539225 98.19091 11.22611 15.07211 96.23786 32.68722 89.80057 34.91045 61.37002 47.40468 52.67837
122.2873 146.2302 132.0341 127.2539 112.4164 138.6001 136.8247 135.6024 128.6177 116.3873 114.2147 138.1535 108.8531 105.2059 102.0557 32.72815 127.6122 127.7975 7.369615 0 14.03567 18.60779 34.13942 15.78765 105.558 18.43909 22.36068 103.5822 38.60052 96.95456 40.36087 67.37513 50.76662 56.21609
128.3396 141.7722 133.4541 129.1242 115.4518 148.1654 146.219 145.2481 138.638 126.5741 124.4508 127.8497 118.8276 115.2694 112.6323 46.5156 116.8146 114.8041 6.667389 14.03567 0 4.609772 20.83334 2.5 91.53415 5 8.544004 89.58267 27.80288 83.31378 30.52868 56.09756 45.01389 50.02632
131.1561 141.252 134.8935 130.7127 117.4281 151.8922 149.9041 148.9975 142.486 130.4732 128.3637 125.1497 122.6835 119.1508 116.6374 50.93146 113.9254 110.9195 11.25312 18.60779 4.609772 0 16.4376 3.162278 87.01293 2.061553 4.031129 84.98485 24.4387 78.73323 27.51818 52.25305 43.28972 48.06524
145.3936 146.1699 145.7847 142.0223 129.7939 167.7731 165.7241 164.9129 158.54 146.5972 144.5054 121.8775 138.7587 135.2596 132.8852 64.98904 109.9325 101.8806 27.0921 34.13942 20.83334 16.4376 0 18.59959 73.47383 15.91122 12.41192 70.29291 12.28708 62.83922 16.38343 36.6292 35.34434 38.89119
130.781 143.1562 135.5775 131.2909 117.7215 150.6594 148.7153 147.7405 141.1214 129.0513 126.9262 128.0443 121.3106 117.7493 115.0925 47.88464 116.8808 114.0794 8.539225 15.78765 2.5 3.162278 18.59959 0 90.00139 2.692582 6.576473 87.82077 25.30316 81.26144 28.04015 53.62586 42.75512 47.71428
187.3687 142.4724 169.9014 168.6351 163.1061 220.5504 217.992 218.1479 213.49 202.8213 201.0236 86.16413 194.7678 191.8001 191.246 137.8507 74.06024 43.99775 98.19091 105.558 91.53415 87.01293 73.47383 90.00139 0 87.50143 83.5015 11.14189 77.00974 27.43432 79.07275 63.48734 91.90348 90.88781
132.7427 143.3085 136.8247 132.6181 119.2537 153.0555 151.0927 150.1466 143.5705 131.5219 129.4025 126.874 123.7619 120.2114 117.6068 50.35257 115.5911 112.1065 11.22611 18.43909 5 2.061553 15.91122 2.692582 87.50143 0 4 85.21586 23.02173 78.57562 25.94224 51.14866 41.36726 46.19293
134.5045 142.1218 137.3208 133.25 120.2447 155.7241 153.7173 152.8398 146.3711 134.3801 132.2762 123.9778 126.5741 123.0519 120.5848 54.35183 112.5639 108.396 15.07211 22.36068 8.544004 4.031129 12.41192 6.576473 83.5015 4 0 81.24637 21.0238 74.77423 24.35159 48.42694 41.02743 45.58275
192.2568 151.9636 176.9477 175.375 168.949 223.9091 221.4288 221.4104 216.4072 205.4323 203.5663 97.10537 197.3703 194.2798 193.358 135.2552 84.89473 55.06753 96.23786 103.5822 89.58267 84.98485 70.29291 87.82077 11.14189 85.21586 81.24637 0 72.1282 16.71826 73.70627 55.31669 84.86088 83.32685
155.5216 158.4079 157.5087 153.6199 140.9921 175.9318 174.0029 173.0029 166.3205 154.2077 152.0691 132.2906 146.5094 142.9275 140.1274 65.84763 120.1156 109.323 32.68722 38.60052 27.80288 24.4387 12.28708 25.30316 77.00974 23.02173 21.0238 72.1282 0 62.05769 4.123106 28.7761 23.24328 26.61005
195.014 163.0144 183.3825 181.2955 173.4132 224.0749 221.7281 221.4378 215.9232 204.534 202.5735 111.803 196.5049 193.245 191.7685 127.2768 99.32551 71.36748 89.80057 96.95456 83.31378 78.73323 62.83922 81.26144 27.43432 78.57562 74.77423 16.71826 62.05769 0 62.87343 40.97668 71.45553 69.27376
158.669 162.5268 161.2762 157.3342 144.5491 178.362 176.4766 175.4109 168.6253 156.4641 154.3114 136.0935 148.822 145.2155 142.2721 66.10709 123.8704 112.3942 34.91045 40.36087 30.52868 27.51818 16.38343 28.04015 79.07275 25.94224 24.35159 73.70627 4.123106 62.87343 0 27.40753 19.13766 22.50851
181.8301 172.9399 179.8039 176.4559 165.1682 204.1425 202.1433 201.2503 194.7166 182.6693 180.5478 135.4995 174.909 171.3601 168.7089 93.22137 122.7809 103.462 61.37002 67.37513 56.09756 52.25305 36.6292 53.62586 63.48734 51.14866 48.42694 55.31669 28.7761 40.97668 27.40753 0 30.71517 28.29733
172.607 181.4816 178.1832 173.9837 160.465 188.8869 187.2118 185.8474 178.6204 166.3077 164.1044 154.5325 158.9725 155.2785 151.7068 68.68473 142.1775 128.4857 47.40468 50.76662 45.01389 43.28972 35.34434 42.75512 91.90348 41.36726 41.02743 84.86088 23.24328 71.45553 19.13766 30.71517 0 5.550334
177.8964 184.9914 182.8893 178.7641 165.4225 194.4185 192.737 191.3811 184.1629 171.8517 169.649 156.1997 164.51 160.8175 157.2548 74.05286 143.7393 128.67 52.67837 56.21609 50.02632 48.06524 38.89119 47.71428 90.88781 46.19293 45.58275 83.32685 26.61005 69.27376 22.50851 28.29733 5.550334 0
