0 76.91382 57.1787 111.3989 78.95125 101.5973 99.03015 140.6957 105.7456
76.91382 0 48.08855 148.1298 52.92876 170.2057 170.6416 211.4724 118.3596
57.1787 48.08855 0 100.045 87.5798 129.5473 132.2592 197.2489 141.6572
111.3989 148.1298 100.045 0 180.2162 77.51451 88.61433 202.5872 217.1319
78.95125 52.92876 87.5798 180.2162 0 180.4274 177.1366 185.1126 67.14664
101.5973 170.2057 129.5473 77.51451 180.4274 0 12.52996 132.6128 192.5148
99.03015 170.6416 132.2592 88.61433 177.1366 12.52996 0 120.0932 185.1417
140.6957 211.4724 197.2489 202.5872 185.1126 132.6128 120.0932 0 148.2364
105.7456 118.3596 141.6572 217.1319 67.14664 192.5148 185.1417 148.2364 0
