0 50.58919 140.8235 112.7305 116.4985 119.0679 152.5457 166.3896 130.1022
50.58919 0 162.0424 147.5721 149.9371 152.8275 124.9132 146.3395 134.9602
140.8235 162.0424 0 50.28879 44.72235 45.16844 140.9082 125.6384 51.14806
112.7305 147.5721 50.28879 0 5.803495 7.000992 166.8296 159.3633 85.31714
116.4985 149.9371 44.72235 5.803495 0 2.981424 164.6209 156.212 81.58976
119.0679 152.8275 45.16844 7.000992 2.981424 0 167.1521 158.4148 83.57033
152.5457 124.9132 140.9082 166.8296 164.6209 167.1521 0 30.68983 89.8043
166.3896 146.3395 125.6384 159.3633 156.212 158.4148 30.68983 0 75.6846
130.1022 134.9602 51.14806 85.31714 81.58976 83.57033 89.8043 75.6846 0
