0 76.84333 117.7114 128.8194 160.5894 130.1366 164.2799 168.9806 173.0259
76.84333 0 139.8274 169.8883 221.2754 172.9249 238.9555 243.4045 247.8102
117.7114 139.8274 0 42.97533 113.7645 47.48836 174.0223 176.0023 181.7918
128.8194 169.8883 42.97533 0 71.33397 4.55985 138.3904 139.6077 145.437
160.5894 221.2754 113.7645 71.33397 0 66.78041 81.66303 80.78744 86.17282
130.1366 172.9249 47.48836 4.55985 66.78041 0 134.4626 135.595 141.4214
164.2799 238.9555 174.0223 138.3904 81.66303 134.4626 0 5.320819 8.894443
168.9806 243.4045 176.0023 139.6077 80.78744 135.595 5.320819 0 5.830952
173.0259 247.8102 181.7918 145.437 86.17282 141.4214 8.894443 5.830952 0
