0 9.351237 18.00578 64.6163 99.81264 30.03774 53.02491 133.0933 136.8156 86.47393 150.45 142.3018 117.9099 142.4492 155.2529 137.6719 158.3427 166.0557 167.1613 143.6115 150.1393 150.4664 168.4202 162.5231 164.6667
9.351237 0 9.212559 73.73283 108.2439 20.93036 44.32076 141.1467 144.503 78.89542 156.9218 148.1991 111.4164 148.1747 160.9036 132.6883 161.3801 170.6852 171.3955 139.2872 146.1692 150.6338 166.8814 160.2876 164.0633
18.00578 9.212559 0 80.98822 114.0617 12.09629 35.14594 146.2721 149.0769 69.82992 159.8388 150.4383 102.7817 150.2095 162.8106 124.9101 160.4159 171.3951 171.6681 131.9433 139.0628 146.9234 161.6302 154.4785 159.6221
64.6163 73.73283 80.98822 0 39.62145 92.76449 112.7675 74.24492 80.65978 138.4383 103.1435 100.2567 161.635 101.7693 114.0444 171.0137 136.6466 131.8318 135.8206 172.4674 176.293 149.8015 177.5123 176.6494 167.8394
99.81264 108.2439 114.0617 39.62145 0 124.9438 141.7408 34.64606 41.33418 160.8399 67.11953 67.75232 177.4217 70.04696 80.96606 179.7576 114.1352 101.8192 107.3018 178.3529 180.2648 139.3915 170.932 173.2141 158.3088
30.03774 20.93036 12.09629 92.76449 124.9438 0 23.75395 156.5716 158.9222 60.01248 168.1533 158.1109 94.31404 157.6745 170.099 118.4516 164.4505 177.3577 177.1322 126.3616 133.917 147.361 159.6412 151.6023 158.9092
53.02491 44.32076 35.14594 112.7675 141.7408 23.75395 0 171.4514 172.5877 37.55992 178.0009 166.6136 73.26702 165.7181 177.5871 100.2382 165.0893 181.8563 180.5696 109.5011 117.6864 141.1559 148.6516 139.1133 150.3071
133.0933 141.1467 146.2721 74.24492 34.64606 156.5716 171.4514 0 10.68112 186.3198 42.86818 50.51928 198.1247 53.75229 60.60661 195.3072 104.9602 84.09251 91.18506 191.7672 192.1127 140.8736 174.2732 179.2143 159.5504
136.8156 144.503 149.0769 80.65978 41.33418 158.9222 172.5877 10.68112 0 185.3701 32.20143 40.51913 195.2688 43.82921 50.06975 190.7774 95.4551 73.6398 80.84897 186.6253 186.5278 133.0883 166.6758 172.2005 151.5829
86.47393 78.89542 69.82992 138.4383 160.8399 60.01248 37.55992 186.3198 185.3701 0 184.3011 171.1503 36.33869 169.5523 180.0795 66.14495 157.183 179.4109 176.4832 77.00279 85.80895 123.6175 123.4049 111.9658 128.6209
150.45 156.9218 159.8388 103.1435 67.11953 168.1533 178.0009 42.86818 32.20143 184.3011 0 14.86974 188.1461 17.83497 18.51951 178.4371 67.69957 42.17849 49.82187 172.3811 170.843 110.9639 144.5826 152.0046 128.4465
142.3018 148.1991 150.4383 100.2567 67.75232 158.1109 166.6136 50.51928 40.51913 171.1503 14.86974 0 173.8692 3.405877 13.79988 163.6501 55.25795 34.56385 41.0279 157.5221 155.9753 96.60279 130.2926 137.4176 114.3535
117.9099 111.4164 102.7817 161.635 177.4217 94.31404 73.26702 198.1247 195.2688 36.33869 188.1461 173.8692 0 171.6748 180.4545 32.76219 148.3991 175.0157 170.5963 45.19833 54.27089 106.7773 97.84198 84.80697 106.8064
142.4492 148.1747 150.2095 101.7693 70.04696 157.6745 165.7181 53.75229 43.82921 169.5523 17.83497 3.405877 171.6748 0 12.86111 161.0125 51.8641 31.90016 38.09054 154.7385 153.0835 93.34077 127.0158 134.2386 111.0348
155.2529 160.9036 162.8106 114.0444 80.96606 170.099 177.5871 60.60661 50.06975 180.0795 18.51951 13.79988 180.4545 12.86111 0 167.9637 50.37207 23.69749 31.30513 160.9338 158.6324 96.0211 129.2624 137.5904 112.7462
137.6719 132.6883 124.9101 171.0137 179.7576 118.4516 100.2382 195.3072 190.7774 66.14495 178.4371 163.6501 32.76219 161.0125 167.9637 0 129.3169 158.6401 153.1181 12.87224 21.76981 83.01422 67.64338 53.9663 78.984
158.3427 161.3801 160.4159 136.6466 114.1352 164.4505 165.0893 104.9602 95.4551 157.183 67.69957 55.25795 148.3991 51.8641 50.37207 129.3169 0 31.80884 24.72482 120.134 116.0839 49.23526 80.76594 90.67876 63.8331
166.0557 170.6852 171.3951 131.8318 101.8192 177.3577 181.8563 84.09251 73.6398 179.4109 42.17849 34.56385 175.0157 31.90016 23.69749 158.6401 31.80884 0 8.155298 150.2239 146.7585 80.77079 112.5693 122.3847 95.61769
167.1613 171.3955 171.6681 135.8206 107.3018 177.1322 180.5696 91.18506 80.84897 176.4832 49.82187 41.0279 170.5963 38.09054 31.30513 153.1181 24.72482 8.155298 0 144.3337 140.5552 73.95532 105.23 115.3786 88.22981
143.6115 139.2872 131.9433 172.4674 178.3529 126.3616 109.5011 191.7672 186.6253 77.00279 172.3811 157.5221 45.19833 154.7385 160.9338 12.87224 120.134 150.2239 144.3337 0 9.078485 72.58443 55.01588 41.23106 67.03772
150.1393 146.1692 139.0628 176.293 180.2648 133.917 117.6864 192.1127 186.5278 85.80895 170.843 155.9753 54.27089 153.0835 158.6324 21.76981 116.0839 146.7585 140.5552 9.078485 0 67.60783 47.13904 33.18663 60.22935
150.4664 150.6338 146.9234 149.8015 139.3915 147.361 141.1559 140.8736 133.0883 123.6175 110.9639 96.60279 106.7773 93.34077 96.0211 83.01422 49.23526 80.77079 73.95532 72.58443 67.60783 0 33.72628 41.74326 18.95316
168.4202 166.8814 161.6302 177.5123 170.932 159.6412 148.6516 174.2732 166.6758 123.4049 144.5826 130.2926 97.84198 127.0158 129.2624 67.64338 80.76594 112.5693 105.23 55.01588 47.13904 33.72628 0 13.98597 17.03497
162.5231 160.2876 154.4785 176.6494 173.2141 151.6023 139.1133 179.2143 172.2005 111.9658 152.0046 137.4176 84.80697 134.2386 137.5904 53.9663 90.67876 122.3847 115.3786 41.23106 33.18663 41.74326 13.98597 0 28.91463
164.6667 164.0633 159.6221 167.8394 158.3088 158.9092 150.3071 159.5504 151.5829 128.6209 128.4465 114.3535 106.8064 111.0348 112.7462 78.984 63.8331 95.61769 88.22981 67.03772 60.22935 18.95316 17.03497 28.91463 0
