0 61.21985 94.38276 107.3785 104.9084 140.0938 107.5649 113.6695 153.5784
61.21985 0 148.5911 60.21628 157.9177 156.4577 152.7996 158.0032 128.1815
94.38276 148.5911 0 172.198 11.18346 108.9477 32.67481 37.77139 180.3619
107.3785 60.21628 172.198 0 178.9078 137.722 164.6241 168.1339 75.63399
104.9084 157.9177 11.18346 178.9078 0 106.0921 27.6533 31.38471 182.7799
140.0938 156.4577 108.9477 137.722 106.0921 0 78.57102 76.19466 99.17013
107.5649 152.7996 32.67481 164.6241 27.6533 78.57102 0 6.387879 159.6891
113.6695 158.0032 37.77139 168.1339 31.38471 76.19466 6.387879 0 160.426
153.5784 128.1815 180.3619 75.63399 182.7799 99.17013 159.6891 160.426 0
