0 96.71885 92.78137 89.48632 83.81978 80.45214 80.05995 81.68213
96.71885 0 187.1188 10.54093 16.99673 75.24945 146.6595 146.5094
92.78137 187.1188 0 181.011 175.7691 166.9533 118.6976 121.5173
89.48632 10.54093 181.011 0 6.666667 64.88342 136.4506 136.2502
83.81978 16.99673 175.7691 6.666667 0 59.18476 129.7968 129.6067
80.45214 75.24945 166.9533 64.88342 59.18476 0 83.33475 82.18929
80.05995 146.6595 118.6976 136.4506 129.7968 83.33475 0 2.828427
81.68213 146.5094 121.5173 136.2502 129.6067 82.18929 2.828427 0
