0 106.1679 73.87119 137.7428 142.2955 60.55837 43.39507 125.3685 169.2612 69.62091 185.1829 103.2721 184.0783 187.9524 189.1773 189.7203 193.9727 145.7701 190.4827 158.2825 193.1219 191.7307 181.188 169.5839 164.5222 179.303
106.1679 0 33.69261 40.0853 49.48616 156.5641 103.0724 170.7884 85.49397 145.6505 108.5878 159.2997 112.1602 119.196 124.7042 129.6548 137.4973 139.3216 138.2714 152.2671 141.9995 143.991 172.0305 172.9821 203.8504 206.2469
73.87119 33.69261 0 71.19206 78.84441 128.0338 79.09869 157.0976 112.6313 121.9567 133.8089 141.8873 135.774 141.8947 146.0351 149.5666 156.4049 140.5302 155.6812 154.1125 159.1628 160.0276 175.8834 172.7035 193.3083 199.6532
137.7428 40.0853 71.19206 0 10.98842 180.3867 123.7175 174.5477 47.04041 163.2042 71.09612 168.2256 76.03636 83.70973 90.37407 96.58339 105.1591 127.1916 107.4798 138.4967 111.315 114.4306 154.8633 160.5698 202.38 199.9217
142.2955 49.48616 78.84441 10.98842 0 182.0027 125.025 170.5444 36.40394 163.0859 60.27448 165.6449 65.07092 72.72561 79.39395 85.65429 94.26783 119.7884 96.72412 130.6057 100.5609 103.795 146.1335 152.8022 196.8667 193.2759
60.55837 156.5641 128.0338 180.3867 182.0027 0 57.01973 91.40947 201.0312 32.64966 211.2669 68.00408 207.7528 209.4507 208.2018 206.2833 208.0362 140.7347 202.6669 150.0689 204.3588 201.2947 170.5499 153.4835 126.9744 147.3009
43.39507 103.0724 79.09869 123.7175 125.025 57.01973 0 86.12757 144.688 42.99128 156.4283 66.50418 153.6942 156.2353 156.0181 155.2235 158.2617 103.1528 153.851 115.3414 156.0969 153.9771 138.1273 126.19 125.061 137.7473
125.3685 170.7884 157.0976 174.5477 170.5444 91.40947 86.12757 0 172.4607 61.15435 171.9766 23.70833 165.3254 163.5099 158.8381 153.6964 151.7226 72.35709 144.5696 75.06849 144.7466 139.903 89.5148 69.12949 39.1811 56.19064
169.2612 85.49397 112.6313 47.04041 36.40394 201.0312 144.688 172.4607 0 177.6768 24.32212 172.5658 30.58232 38.68024 46.49119 54.00994 63.0283 110.2055 67.25734 118.1808 70.97513 75.37374 128.9067 140.1005 192.511 184.4369
69.62091 145.6505 121.9567 163.2042 163.0859 32.64966 42.99128 61.15435 177.6768 0 185.4107 37.45961 181.1056 182.0484 180.0544 177.4609 178.5327 108.6244 172.7789 117.5926 174.2312 170.8395 137.913 120.8939 98.86607 117.3289
185.1829 108.5878 133.8089 71.09612 60.27448 211.2669 156.4283 171.9766 24.32212 185.4107 0 175.3998 8.894905 16.32259 24.90006 33.24777 42.06503 104.1842 47.76605 109.6719 51.14164 56.35977 116.4425 130.5218 187.3618 176.404
103.2721 159.2997 141.8873 168.2256 165.6449 68.00408 66.50418 23.70833 172.5658 37.45961 175.3998 0 169.6194 168.9214 165.303 161.1631 160.4589 83.53526 153.8051 89.47358 154.536 150.2538 107.1236 88.11266 61.83895 79.89859
184.0783 112.1602 135.774 76.03636 65.07092 207.7528 153.6942 165.3254 30.58232 181.1056 8.894905 169.6194 0 8.131859 16.40806 24.58606 33.51587 96.56406 38.96603 101.5484 42.39958 47.53388 107.7538 122.1639 179.6409 168.1961
187.9524 119.196 141.8947 83.70973 72.72561 209.4507 156.2353 163.5099 38.68024 182.0484 16.32259 168.9214 8.131859 0 8.601918 17.02443 25.75195 93.48432 31.6978 97.5015 34.9552 40.33381 102.2685 117.5467 176.1724 163.8298
189.1773 124.7042 146.0351 90.37407 79.39395 208.2018 156.0181 158.8381 46.49119 180.0544 24.90006 165.303 16.40806 8.601918 0 8.454983 17.16589 87.88771 23.18668 91.03391 26.37613 31.82824 94.65447 110.5527 170.0132 156.9578
189.7203 129.6548 149.5666 96.58339 85.65429 206.2833 155.2235 153.6964 54.00994 177.4609 33.24777 161.1631 24.58606 17.02443 8.454983 0 9.03005 82.06431 14.74625 84.33354 17.93085 23.38509 86.86355 103.302 163.4527 149.7609
193.9727 137.4973 156.4049 105.1591 94.26783 208.0362 158.2617 151.7226 63.0283 178.5327 42.06503 160.4589 33.51587 25.75195 17.16589 9.03005 0 79.5088 7.742528 80.37967 9.805887 15.72053 80.83502 98.27692 159.4095 144.6954
145.7701 139.3216 140.5302 127.1916 119.7884 140.7347 103.1528 72.35709 110.2055 108.6244 104.1842 83.53526 96.56406 93.48432 87.88771 82.06431 79.5088 0 72.25976 13.63667 72.38957 67.59502 36.36557 33.81578 83.19405 74.45846
190.4827 138.2714 155.6812 107.4798 96.72412 202.6669 153.851 144.5696 67.25734 172.7789 47.76605 153.8051 38.96603 31.6978 23.18668 14.74625 7.742528 72.25976 0 72.76201 3.836955 8.641644 73.14985 90.5364 151.7412 136.953
158.2825 152.2671 154.1125 138.4967 130.6057 150.0689 115.3414 75.06849 118.1808 117.5926 109.6719 89.47358 101.5484 97.5015 91.03391 84.33354 80.37967 13.63667 72.76201 0 72.17044 66.7719 23.04701 22.26416 79.13354 66.77352
193.1219 141.9995 159.1628 111.315 100.5609 204.3588 156.0969 144.7466 70.97513 174.2312 51.14164 154.536 42.39958 34.9552 26.37613 17.93085 9.805887 72.38957 3.836955 72.17044 0 5.98041 71.39637 89.30709 150.9205 135.6293
191.7307 143.991 160.0276 114.4306 103.795 201.2947 153.9771 139.903 75.37374 170.8395 56.35977 150.2538 47.53388 40.33381 31.82824 23.38509 15.72053 67.59502 8.641644 66.7719 5.98041 0 65.45144 83.52465 145.3215 129.7945
181.188 172.0305 175.8834 154.8633 146.1335 170.5499 138.1273 89.5148 128.9067 137.913 116.4425 107.1236 107.7538 102.2685 94.65447 86.86355 80.83502 36.36557 73.14985 23.04701 71.39637 65.45144 0 21.32192 83.55754 65.16884
169.5839 172.9821 172.7035 160.5698 152.8022 153.4835 126.19 69.12949 140.1005 120.8939 130.5218 88.11266 122.1639 117.5467 110.5527 103.302 98.27692 33.81578 90.5364 22.26416 89.30709 83.52465 21.32192 0 62.75553 46.46534
164.5222 203.8504 193.3083 202.38 196.8667 126.9744 125.061 39.1811 192.511 98.86607 187.3618 61.83895 179.6409 176.1724 170.0132 163.4527 159.4095 83.19405 151.7412 79.13354 150.9205 145.3215 83.55754 62.75553 0 24.71462
179.303 206.2469 199.6532 199.9217 193.2759 147.3009 137.7473 56.19064 184.4369 117.3289 176.404 79.89859 168.1961 163.8298 156.9578 149.7609 144.6954 74.45846 136.953 66.77352 135.6293 129.7945 65.16884 46.46534 24.71462 0
