0 79.9135 124.1233 152.4394 131.5349 128.2804 138.9071 175.5334
79.9135 0 204.0067 183.6217 211.3769 134.0633 184.6988 234.0119
124.1233 204.0067 0 176.01 7.777674 195.7882 143.1477 133.2704
152.4394 183.6217 176.01 0 178.0262 61.66679 34.80337 85.33879
131.5349 211.3769 7.777674 178.0262 0 200.0081 144.6571 131.5917
128.2804 134.0633 195.7882 61.66679 200.0081 0 83.31416 140.89
138.9071 184.6988 143.1477 34.80337 144.6571 83.31416 0 57.74296
175.5334 234.0119 133.2704 85.33879 131.5917 140.89 57.74296 0
