0 108.1527 100.7754 105.7061 90.41317 69.71901
108.1527 0 12.24019 20.27604 56.78672 173.439
100.7754 12.24019 0 10.96586 44.64303 164.2589
105.7061 20.27604 10.96586 0 38.55191 166.7191
90.41317 56.78672 44.64303 38.55191 0 140.4635
69.71901 173.439 164.2589 166.7191 140.4635 0
