0 113.6254 88.38365 44.12555 75.56237 136.7672 137.3325
113.6254 0 110.3922 78.88853 186.0946 250.112 249.8961
88.38365 110.3922 0 57.56891 120.184 186.1908 181.0346
44.12555 78.88853 57.56891 0 108.5587 174.4005 173.01
75.56237 186.0946 120.184 108.5587 0 67.23834 64.57091
136.7672 250.112 186.1908 174.4005 67.23834 0 12.31337
137.3325 249.8961 181.0346 173.01 64.57091 12.31337 0
