0 115.2217 156.961 159.4256 121.7345 154.875 145.8603 159.2443 160.5873
115.2217 0 58.63452 108.4021 178.3757 101.3874 138.9181 170.9796 162.0579
156.961 58.63452 0 69.11176 181.1835 62.9224 117.3053 152.2075 139.6087
159.4256 108.4021 69.11176 0 133.63 7.021077 55.12496 88.70125 74.51816
121.7345 178.3757 181.1835 133.63 0 134.6338 82.86946 65.95549 77.73408
154.875 101.3874 62.9224 7.021077 134.6338 0 58.38931 92.6489 78.85326
145.8603 138.9181 117.3053 55.12496 82.86946 58.38931 0 34.90978 23.26943
159.2443 170.9796 152.2075 88.70125 65.95549 92.6489 34.90978 0 15.11296
160.5873 162.0579 139.6087 74.51816 77.73408 78.85326 23.26943 15.11296 0
