0 81.22215 34.15473 112.7315 92.69514 148.12 120.8346
81.22215 0 110.6029 48.60001 169.9727 185.8255 72.42237
34.15473 110.6029 0 133.7286 59.67791 123.5693 135.3588
112.7315 48.60001 133.7286 0 188.6971 173.4228 28.2979
92.69514 169.9727 59.67791 188.6971 0 115.22 185.3259
148.12 185.8255 123.5693 173.4228 115.22 0 153.5908
120.8346 72.42237 135.3588 28.2979 185.3259 153.5908 0
