0 62.5235 75.13486 153.195 163.3997 137.5459 164.11
62.5235 0 25.51395 191.4982 198.8171 122.7534 196.9714
75.13486 25.51395 0 182.3988 188.2761 99.18222 185.4159
153.195 191.4982 182.3988 0 13.38791 136.8351 20.35037
163.3997 198.8171 188.2761 13.38791 0 135.5715 8.804173
137.5459 122.7534 99.18222 136.8351 135.5715 0 128.8772
164.11 196.9714 185.4159 20.35037 8.804173 128.8772 0
