0 102.2991 66.60808 101.5322 65.93528 142.2432 136.3546
102.2991 0 53.7122 199.6121 57.70615 244.1905 238.5901
66.60808 53.7122 0 168 4.123106 205.548 196.5433
101.5322 199.6121 168 0 167.0479 54.20332 63.41333
65.93528 57.70615 4.123106 167.0479 0 203.767 194.392
142.2432 244.1905 205.548 54.20332 203.767 0 22.41093
136.3546 238.5901 196.5433 63.41333 194.392 22.41093 0
