0 74.88228 80.37427 74.66536 126.8391 98.46791 163.2885
74.88228 0 8.430467 11.58258 119.1044 59.58086 184.5407
80.37427 8.430467 0 8.01086 113.8964 52.87614 181.317
74.66536 11.58258 8.01086 0 107.6037 48.17387 173.9001
126.8391 119.1044 113.8964 107.6037 0 63.68585 77.45621
98.46791 59.58086 52.87614 48.17387 63.68585 0 137.3286
163.2885 184.5407 181.317 173.9001 77.45621 137.3286 0
