0 112.6396 109.1225 101.7948 74.62918 116.8501
112.6396 0 9.2 24.72633 60.11855 218.0405
109.1225 9.2 0 15.64027 52.15362 211.8514
101.7948 24.72633 15.64027 0 37.98181 199.6291
74.62918 60.11855 52.15362 37.98181 0 162.41
116.8501 218.0405 211.8514 199.6291 162.41 0
