0 110.8594 104.5362 101.234 94.45328 82.65209 135.8814
110.8594 0 39.60026 44.3868 47.33363 109.3094 219.1397
104.5362 39.60026 0 5.834669 12.37437 75.91525 190.4957
101.234 44.3868 5.834669 0 7.222767 70.08712 184.7602
94.45328 47.33363 12.37437 7.222767 0 64.2748 178.3375
82.65209 109.3094 75.91525 70.08712 64.2748 0 115.7454
135.8814 219.1397 190.4957 184.7602 178.3375 115.7454 0
