0 113.6662 112.6282 116.6581 109.2516 129.3556 77.08456 71.06784 114.8911
113.6662 0 70.43836 77.23054 108.3893 183.0762 161.6075 184.6212 216.8986
112.6282 70.43836 0 7.044008 42.2352 222.6936 122.7724 176.8871 227.5172
116.6581 77.23054 7.044008 0 37.9755 228.7116 122.4237 179.5426 231.4985
109.2516 108.3893 42.2352 37.9755 0 233.2991 92.38642 161.5774 220.2527
129.3556 183.0762 222.6936 228.7116 233.2991 0 198.962 134.4094 95.75954
77.08456 161.6075 122.7724 122.4237 92.38642 198.962 0 84.75848 151.3803
71.06784 184.6212 176.8871 179.5426 161.5774 134.4094 84.75848 0 67.08204
114.8911 216.8986 227.5172 231.4985 220.2527 95.75954 151.3803 67.08204 0
