0 8.062258 11.40175 32.24903 23.55473 34.44198 84.37531 52.51006 44.94441 51.23719 117.686 77.97777 121.758 121.6402 151.8691 91.95228 112.5232 107.4014 121.801 139.7018 129.5569 129.9577 149.159 160.8349 141.9532 143.2061 171.0007 152.94 158.5505 173.9751 163.0491 177.1007
8.062258 0 3.605551 40.11234 15.65929 42.24038 91.41272 44.57501 52.20153 57.97629 125.3196 70.39584 129.1201 128.7563 154.7433 84.96012 118.5498 100.7685 115.4759 133.8798 123.5557 134.4693 144.0105 156.5201 142.8976 142.5791 174.6632 152.327 157.9565 170.571 162.4438 175.282
11.40175 3.605551 0 43.01163 12.15919 45.06939 93.55194 41.11178 54.57105 59.98541 127.9062 66.80842 131.4724 130.9207 154.5162 81.3668 120.0114 97.21267 111.9654 130.4633 120.1041 135.0741 140.7502 153.4852 141.811 140.8435 174.8035 150.589 156.2218 167.812 160.7016 173.0694
32.24903 40.11234 43.01163 0 54.63991 2.5 54.17489 83.0668 15.6205 24.27447 85.61542 106.4614 90.24965 90.80996 136.6249 117.6629 85.65538 131.3074 144.1483 159.6309 150.4161 108.706 166.1385 174.1873 134.7408 142.2456 152.2539 151.6335 157.0167 183.379 161.4466 180.0466
23.55473 15.65929 12.15919 54.63991 0 56.5849 103.5319 28.9554 65.23278 69.86776 138.7787 54.87014 141.838 140.8605 157.6682 70.11793 128.2429 86.39744 101.5246 120.6637 110.0879 140.8678 131.8738 145.7699 142.1104 138.7561 179.0573 148.45 154.0738 161.3773 158.5083 168.9755
34.44198 42.24038 45.06939 2.5 56.5849 0 51.68091 84.8703 13.20038 21.9545 83.31416 107.9734 87.84219 88.34838 134.6598 118.8633 83.18995 132.3067 144.9791 160.2173 151.1001 106.4483 166.4568 174.1897 133.2846 141.2089 150.0833 150.5551 155.9134 183.052 160.3317 179.2331
84.37531 91.41272 93.55194 54.17489 103.5319 51.68091 0 129.1314 39.52483 33.66615 38.50598 147.5481 38.71653 37.37165 102.7406 153.441 35.20465 163.1684 172.5473 182.9708 175.9214 66.73783 184.1224 185.5746 115.396 132.7682 111.1007 140.526 144.9838 187.5383 148.8812 173.6221
52.51006 44.57501 41.11178 83.0668 28.9554 84.8703 129.1314 0 92.35229 95.8261 165.653 27.56884 167.805 166.0695 169.1617 45.74762 150.4551 63.16396 79.19795 100.0091 88.98076 158.1766 113.8347 130.8219 147.6431 138.7745 192.5644 148.0652 153.5215 149.6578 157.7382 163.2432
44.94441 52.20153 54.57105 15.6205 65.23278 13.20038 39.52483 92.35229 0 9.013878 73.5527 113.5633 76.92204 76.70536 122.5861 122.5964 70.07967 134.8314 146.5042 160.3408 151.7926 93.47192 165.1182 171.1673 123.3037 133.1342 137.3217 142.2531 147.4797 178.3188 151.8321 172.1128
51.23719 57.97629 59.98541 24.27447 69.86776 21.9545 33.66615 95.8261 9.013878 0 70.00179 115.5076 72.09196 71.01826 113.6489 123.1698 62.0398 134.4923 145.4206 158.2524 150.1208 84.52367 162.0452 166.9893 115.1961 126.0161 128.316 134.9878 140.1321 173.0557 144.4412 165.4507
117.686 125.3196 127.9062 85.61542 138.7787 83.31416 38.50598 165.653 73.5527 70.00179 0 185.33 12.04159 20.26213 120.3586 191.8208 47.31087 201.6743 210.9508 220.9116 214.1145 81.5414 221.2813 221.3517 141.9276 163.0722 120.5249 169.776 173.6181 221.2744 177.1017 203.7754
77.97777 70.39584 66.80842 106.4614 54.87014 107.9734 147.5481 27.56884 113.5633 115.5076 185.33 0 186.1261 183.3825 171.4754 20.04693 164.4093 37.46126 53.663 75.21925 64.12026 166.6663 90.7607 109.8608 144.8321 131.0726 196.3703 139.6408 144.7598 130.9679 148.6433 149.4644
121.758 129.1201 131.4724 90.24965 141.838 87.84219 38.71653 167.805 76.92204 72.09196 12.04159 186.1261 0 8.710328 109.8455 191.3937 38.0713 200.3395 208.8294 217.713 211.4001 71.11962 217.0949 216.0068 133.1496 155.3251 108.9553 161.6245 165.246 214.7195 168.5823 195.772
121.6402 128.7563 130.9207 90.80996 140.8605 88.34838 37.37165 166.0695 76.70536 71.01826 20.26213 183.3825 8.710328 0 101.1771 187.8069 30.04175 196.1382 204.1118 212.3198 206.3101 62.48601 211.1215 209.3883 124.9817 147.571 100.3447 153.6866 157.2131 207.4754 160.4877 187.8721
151.8691 154.7433 154.5162 136.6249 157.6682 134.6598 102.7406 169.1617 122.5861 113.6489 120.3586 171.4754 109.8455 101.1771 0 164.612 73.65942 163.5441 163.3304 160.9469 160.02 38.81768 151.3523 139.8777 38.01377 65.77104 26.16716 66.86167 67.89903 128.0479 69.533 98.58488
91.95228 84.96012 81.3668 117.6629 70.11793 118.8633 153.441 45.74762 122.5964 123.1698 191.8208 20.04693 191.3937 187.8069 164.612 0 166.3273 17.56349 33.7612 55.19646 44.09334 164.3337 70.8136 90.37962 134.9424 118.2739 190.216 126.2349 131.0667 112.2005 134.6931 132.8614
112.5232 118.5498 120.0114 85.65538 128.2429 83.18995 35.20465 150.4551 70.07967 62.0398 47.31087 164.4093 38.0713 30.04175 73.65942 166.3273 0 172.8926 179.4684 186.0064 180.7355 35.07965 183.5503 180.6153 95.07989 117.5529 77.62589 123.6491 127.2062 177.8243 130.5186 157.8311
107.4014 100.7685 97.21267 131.3074 86.39744 132.3067 163.1684 63.16396 134.8314 134.4923 201.6743 37.46126 200.3395 196.1382 163.5441 17.56349 172.8926 0 16.21067 37.82173 26.7555 167.3875 54.22745 74.87832 131.2865 111.7541 189.5577 118.8785 123.304 97.85189 126.5802 121.4827
121.801 115.4759 111.9654 144.1483 101.5246 144.9791 172.5473 79.19795 146.5042 145.4206 210.9508 53.663 208.8294 204.1118 163.3304 33.7612 179.4684 16.21067 0 21.82101 11.00258 170.8977 39.24053 61.02155 129.0454 107.0633 189.4941 113.2163 117.1607 85.06488 120.035 111.6436
139.7018 133.8798 130.4633 159.6309 120.6637 160.2173 182.9708 100.0091 160.3408 158.2524 220.9116 75.21925 217.713 212.3198 160.9469 55.19646 186.0064 37.82173 21.82101 0 11.10439 173.4116 18.89604 41.77757 124.5883 99.861 186.9619 104.4599 107.6228 66.81921 109.8633 97.04224
129.5569 123.5557 120.1041 150.4161 110.0879 151.1001 175.9214 88.98076 151.7926 150.1208 214.1145 64.12026 211.4001 206.3101 160.02 44.09334 180.7355 26.7555 11.00258 11.10439 0 170.0471 28.29859 50.392 124.6431 101.2956 186.1619 106.78 110.3959 74.79958 113.0044 102.7557
129.9577 134.4693 135.0741 108.706 140.8678 106.4483 66.73783 158.1766 93.47192 84.52367 81.5414 166.6663 71.11962 62.48601 38.81768 164.3337 35.07965 167.3875 170.8977 173.4116 170.0471 0 167.627 160.7821 65.56808 91.23039 44.63463 95.61435 98.30183 153.9472 101.0445 129.573
149.159 144.0105 140.7502 166.1385 131.8738 166.4568 184.1224 113.8347 165.1182 162.0452 221.2813 90.7607 217.0949 211.1215 151.3523 70.8136 183.5503 54.22745 39.24053 18.89604 28.29859 167.627 0 22.94544 113.9466 87.66078 176.9776 90.96864 93.49791 48.12223 95.25025 79.77507
160.8349 156.5201 153.4852 174.1873 145.7699 174.1897 185.5746 130.8219 171.1673 166.9893 221.3517 109.8608 216.0068 209.3883 139.8777 90.37962 180.6153 74.87832 61.02155 41.77757 50.392 160.7821 22.94544 0 101.8728 74.28639 164.6463 75.5275 77.02353 25.25636 77.99623 58.78149
141.9532 142.8976 141.811 134.7408 142.1104 133.2846 115.396 147.6431 123.3037 115.1961 141.9276 144.8321 133.1496 124.9817 38.01377 134.9424 95.07989 131.2865 129.0454 124.5883 124.6431 65.56808 113.9466 101.8728 0 27.81358 63.08988 30.26178 32.73677 90.62681 35.63567 64.00897
143.2061 142.5791 140.8435 142.2456 138.7561 141.2089 132.7682 138.7745 133.1342 126.0161 163.0722 131.0726 155.3251 147.571 65.77104 118.2739 117.5529 111.7541 107.0633 99.861 101.2956 91.23039 87.66078 74.28639 27.81358 0 90.3642 9.747921 15.37876 63.13455 19.86504 40.89725
171.0007 174.6632 174.8035 152.2539 179.0573 150.0833 111.1007 192.5644 137.3217 128.316 120.5249 196.3703 108.9553 100.3447 26.16716 190.216 77.62589 189.5577 189.4941 186.9619 186.1619 44.63463 176.9776 164.6463 63.08988 90.3642 0 90.13698 90.25519 151.2685 91.1112 119.5731
152.94 152.327 150.589 151.6335 148.45 150.5551 140.526 148.0652 142.2531 134.9878 169.776 139.6408 161.6245 153.6866 66.86167 126.2349 123.6491 118.8785 113.2163 104.4599 106.78 95.61435 90.96864 75.5275 30.26178 9.747921 90.13698 0 5.633837 61.26294 10.11737 34.21689
158.5505 157.9565 156.2218 157.0167 154.0738 155.9134 144.9838 153.5215 147.4797 140.1321 173.6181 144.7598 165.246 157.2131 67.89903 131.0667 127.2062 123.304 117.1607 107.6228 110.3959 98.30183 93.49791 77.02353 32.73677 15.37876 90.25519 5.633837 0 61.10167 4.5 31.30757
173.9751 170.571 167.812 183.379 161.3773 183.052 187.5383 149.6578 178.3188 173.0557 221.2744 130.9679 214.7195 207.4754 128.0479 112.2005 177.8243 97.85189 85.06488 66.81921 74.79958 153.9472 48.12223 25.25636 90.62681 63.13455 151.2685 61.26294 61.10167 0 60.82949 36.44622
163.0491 162.4438 160.7016 161.4466 158.5083 160.3317 148.8812 157.7382 151.8321 144.4412 177.1017 148.6433 168.5823 160.4877 69.533 134.6931 130.5186 126.5802 120.035 109.8633 113.0044 101.0445 95.25025 77.99623 35.63567 19.86504 91.1112 10.11737 4.5 60.82949 0 29.07795
177.1007 175.282 173.0694 180.0466 168.9755 179.2331 173.6221 163.2432 172.1128 165.4507 203.7754 149.4644 195.772 187.8721 98.58488 132.8614 157.8311 121.4827 111.6436 97.04224 102.7557 129.573 79.77507 58.78149 64.00897 40.89725 119.5731 34.21689 31.30757 36.44622 29.07795 0
