0 107.0575 107.1434 104.3968 60.76429 55.74824 57.30761
107.0575 0 3.605551 5 60.41523 149.683 152.7261
107.1434 3.605551 0 2.828427 58.83026 148.7347 151.8231
104.3968 5 2.828427 0 56.0803 145.9109 148.9975
60.76429 60.41523 58.83026 56.0803 0 91.35097 94.63747
55.74824 149.683 148.7347 145.9109 91.35097 0 3.640055
57.30761 152.7261 151.8231 148.9975 94.63747 3.640055 0
