0 61.40615 88.95987 80.17766 128.1018 113.3601
61.40615 0 31.01612 141.1863 154.6631 72.70832
88.95987 31.01612 0 166.6456 159.3604 49.0153
80.17766 141.1863 166.6456 0 122.4949 179.7764
128.1018 154.6631 159.3604 122.4949 0 136.0194
113.3601 72.70832 49.0153 179.7764 136.0194 0
