0 151.6779 61.29853 125.8747 177.1959 180.3109 178.4517 181.2193 181.6696
151.6779 0 197.5094 151.2463 65.93846 62.55236 75.97978 85.3923 90.74604
61.29853 197.5094 0 115.352 206.206 210.9263 204.2484 204.1589 202.7856
125.8747 151.2463 115.352 0 122.8718 129.5056 115.8911 111.3353 107.4885
177.1959 65.93846 206.206 122.8718 0 7.009616 11.20235 20.99552 27.04977
180.3109 62.55236 210.9263 129.5056 7.009616 0 17.62434 27.13857 33.27495
178.4517 75.97978 204.2484 115.8911 11.20235 17.62434 0 9.828106 15.84843
181.2193 85.3923 204.1589 111.3353 20.99552 27.13857 9.828106 0 6.143149
181.6696 90.74604 202.7856 107.4885 27.04977 33.27495 15.84843 6.143149 0
