0 72.67297 145.0055 76.01639 145.1558 146.45 150.8882
72.67297 0 118.1051 9.297335 181.0392 179.925 184.5667
145.0055 118.1051 0 109.0168 130.8925 126.1209 129.4119
76.01639 9.297335 109.0168 0 176.2746 174.8944 179.5145
145.1558 181.0392 130.8925 176.2746 0 6.118633 7.387952
146.45 179.925 126.1209 174.8944 6.118633 0 4.658594
150.8882 184.5667 129.4119 179.5145 7.387952 4.658594 0
