0 80.72301 60.0828 149.8742 120.5195 150.5262 109.8756 127.4594
80.72301 0 138.1304 211.4978 197.3449 144.0488 39.11521 107.0209
60.0828 138.1304 0 99.9557 60.44005 159.7808 161.2762 150.6767
149.8742 211.4978 99.9557 0 67.89231 152.2452 219.7696 167.7771
120.5195 197.3449 60.44005 67.89231 0 188.2305 217.2303 190.4113
150.5262 144.0488 159.7808 152.2452 188.2305 0 123.2664 39.03417
109.8756 39.11521 161.2762 219.7696 217.2303 123.2664 0 84.25243
127.4594 107.0209 150.6767 167.7771 190.4113 39.03417 84.25243 0
