0 76.61315 33.53906 115.4846 115.53 158.1871
76.61315 0 103.8867 163.1837 41.60005 128.3822
33.53906 103.8867 0 85.57411 138.9829 158.3124
115.4846 163.1837 85.57411 0 184.3027 144.2346
115.53 41.60005 138.9829 184.3027 0 111.0275
158.1871 128.3822 158.3124 144.2346 111.0275 0
