0 72.79532 74.5995 75.51781 80.52938 121.1031
72.79532 0 91.35097 94.26028 99.08582 162.5331
74.5995 91.35097 0 3.162278 7.81025 73.53911
75.51781 94.26028 3.162278 0 5.385165 70.38466
80.52938 99.08582 7.81025 5.385165 0 66.7308
121.1031 162.5331 73.53911 70.38466 66.7308 0
