0 145.3973 55.6152 62.57189 130.4262 179.0334
145.3973 0 179.2151 183.2862 139.5811 74.66085
55.6152 179.2151 0 7.064308 112.0696 192.3487
62.57189 183.2862 7.064308 0 110.2254 193.8735
130.4262 139.5811 112.0696 110.2254 0 107.7312
179.0334 74.66085 192.3487 193.8735 107.7312 0
