0 76.54668 78.02005 73.46108 118.6847 147.4185 150.0341
76.54668 0 9.340771 12.41974 113.8845 195.697 190.5131
78.02005 9.340771 0 5.522681 105.2444 190.3698 184.3909
73.46108 12.41974 5.522681 0 101.4858 184.9908 179.1829
118.6847 113.8845 105.2444 101.4858 0 117.2458 102.2228
147.4185 195.697 190.3698 184.9908 117.2458 0 21.25302
150.0341 190.5131 184.3909 179.1829 102.2228 21.25302 0
