0 104.427 107.5595 106.9691 148.1926 146.0043 165.5935
104.427 0 3.162278 3.605551 134.0438 216.0116 223.6055
107.5595 3.162278 0 2.236068 134.4278 218.2773 225.5582
106.9691 3.605551 2.236068 0 132.1918 216.5179 223.6309
148.1926 134.0438 134.4278 132.1918 0 140.4728 129.8511
146.0043 216.0116 218.2773 216.5179 140.4728 0 30.3207
165.5935 223.6055 225.5582 223.6309 129.8511 30.3207 0
