0 122.1283 159.1985 152.5014 154.5501 137.878 84.8714
122.1283 0 43.16574 41.68929 47.27714 130.3329 181.6334
159.1985 43.16574 0 10.37486 15.20691 128.6573 207.1319
152.5014 41.68929 10.37486 0 6.689163 118.3836 197.869
154.5501 47.27714 15.20691 6.689163 0 113.9287 197.1438
137.878 130.3329 128.6573 118.3836 113.9287 0 123.1436
84.8714 181.6334 207.1319 197.869 197.1438 123.1436 0
