0 101.7483 103.5058 101.1917 102.5139 135.1559 99.8974 109.9185
101.7483 0 203.5006 3.162278 5 132.5872 193.3417 83.35
103.5058 203.5006 0 202.5154 203.5497 182.2127 32.03904 183.7609
101.1917 3.162278 202.5154 0 2.236068 129.4739 191.9088 80.21153
102.5139 5 203.5497 2.236068 0 128.2114 192.6292 78.85993
135.1559 132.5872 182.2127 129.4739 128.2114 0 154.4875 49.55909
99.8974 193.3417 32.03904 191.9088 192.6292 154.4875 0 161.8133
109.9185 83.35 183.7609 80.21153 78.85993 49.55909 161.8133 0
