0 118.7661 68.79323 98.13883 78.28027 80.54465
118.7661 0 151.1097 50.84911 74.6423 131.1814
68.79323 151.1097 0 151.209 139.1402 149.249
98.13883 50.84911 151.209 0 28.17375 83.90358
78.28027 74.6423 139.1402 28.17375 0 56.77367
80.54465 131.1814 149.249 83.90358 56.77367 0
