0 128.5053 55.11078 44.85998 34.91346 41.25433
128.5053 0 123.79 117.0456 122.237 115.1955
55.11078 123.79 0 12.08653 85.96347 89.1352
44.85998 117.0456 12.08653 0 74.34548 77.23341
34.91346 122.237 85.96347 74.34548 0 9.013878
41.25433 115.1955 89.1352 77.23341 9.013878 0
