0 115.6357 127.1547 145.5522 53.02853 127.8373 54.05969 171.5426
115.6357 0 11.59741 44.33683 159.5564 152.2849 151.6748 89.69392
127.1547 11.59741 0 37.62008 170.5293 158.0695 162.2999 84.5488
145.5522 44.33683 37.62008 0 181.0332 143.1646 170.1894 47.25187
53.02853 159.5564 170.5293 181.0332 0 112.9801 15.55635 196.3422
127.8373 152.2849 158.0695 143.1646 112.9801 0 97.60974 129.0725
54.05969 151.6748 162.2999 170.1894 15.55635 97.60974 0 183.0936
171.5426 89.69392 84.5488 47.25187 196.3422 129.0725 183.0936 0
