0 139.4595 86.05039 96.19559 121.5575 63.35341 156.4921
139.4595 0 132.3642 133.8123 132.0713 108.5969 107.7462
86.05039 132.3642 0 10.23339 37.51333 127.1275 86.40891
96.19559 133.8123 10.23339 0 27.72734 135.6732 79.06678
121.5575 132.0713 37.51333 27.72734 0 154.2881 55.74271
63.35341 108.5969 127.1275 135.6732 154.2881 0 169.7308
156.4921 107.7462 86.40891 79.06678 55.74271 169.7308 0
