0 97.1658 92.36921 85.46416 80.12667 79.19341 79.57102 142.5125 140.7285
97.1658 0 7.261007 14.88363 75.22429 145.9391 147.4434 222.3051 217.0392
92.36921 7.261007 0 7.909756 68.01573 138.9982 140.5222 215.5052 210.1303
85.46416 14.88363 7.909756 0 61.26282 131.1184 132.6362 207.5982 202.2419
80.12667 75.22429 68.01573 61.26282 0 82.31933 84.19702 158.7823 151.5708
79.19341 145.9391 138.9982 131.1184 82.31933 0 2 77.17513 71.16335
79.57102 147.4434 140.5222 132.6362 84.19702 2 0 75.47185 69.61002
142.5125 222.3051 215.5052 207.5982 158.7823 77.17513 75.47185 0 11.20516
140.7285 217.0392 210.1303 202.2419 151.5708 71.16335 69.61002 11.20516 0
