0 82.04303 113.0944 167.1634 44.78638 114.3736 187.3511
82.04303 0 36.2969 110.4973 124.7326 151.1605 176.3774
113.0944 36.2969 0 78.37743 152.6052 158.1801 160.2462
167.1634 110.4973 78.37743 0 195.2856 156.3413 107.0935
44.78638 124.7326 152.6052 195.2856 0 98.92988 191.5419
114.3736 151.1605 158.1801 156.3413 98.92988 0 104.7167
187.3511 176.3774 160.2462 107.0935 191.5419 104.7167 0
