0 24.03616 98.04036 137.5543 103.4287 101.2875 106.6778 167.9147 183.1367
24.03616 0 74.04053 114.575 119.6202 115.8964 120.4765 164.9058 165.4555
98.04036 74.04053 0 54.02728 182.8579 176.7669 179.6513 181.4263 129.5712
137.5543 114.575 54.02728 0 200.788 192.8257 193.8884 162.1361 81.35026
103.4287 119.6202 182.8579 200.788 0 9.869675 14.46997 126.6946 206.475
101.2875 115.8964 176.7669 192.8257 9.869675 0 6.818394 117.3695 196.8466
106.6778 120.4765 179.6513 193.8884 14.46997 6.818394 0 112.3122 195.0653
167.9147 164.9058 181.4263 162.1361 126.6946 117.3695 112.3122 0 117.1697
183.1367 165.4555 129.5712 81.35026 206.475 196.8466 195.0653 117.1697 0
