0 149.6315 97.39103 118.7863 126.0071 167.7504
149.6315 0 148.7949 58.19205 50.39694 90.44627
97.39103 148.7949 0 155.9776 158.104 108.9964
118.7863 58.19205 155.9776 0 9.202174 136.8133
126.0071 50.39694 158.104 9.202174 0 132.2565
167.7504 90.44627 108.9964 136.8133 132.2565 0
