0 114.8853 146.1031 116.6398 135.5723 164.4819
114.8853 0 178.2174 198.3424 198.9296 113.4108
146.1031 178.2174 0 79.07084 49.11707 111.8531
116.6398 198.3424 79.07084 0 34.22426 174.0708
135.5723 198.9296 49.11707 34.22426 0 155.0174
164.4819 113.4108 111.8531 174.0708 155.0174 0
