0 47.21227 63.18788 55.2258 76.90291 88.97522 95.81478 81.70203 80.00347 92.38206 127.2865 90.75499 95.79855 100.1206 152.6258 94.95379 142.0509 108.9731 122.7328 165.7841 122.9494 134.8906 148.9962 179.2868 142.5674 147.4863 150.225 181.7058 155.6668 186.0399 184.2938 167.1091 191.9543 181.2073 189.3807 190.2108
47.21227 0 94.25364 85.70225 105.0478 116.3066 121.5338 44.38356 40.41883 49.03288 143.4411 45.19783 49.42267 52.91233 162.1427 47.96604 153.1141 62.18742 76.4427 170.7048 78.49995 90.46376 108.3623 175.2955 107.4268 122.7863 124.9445 174.1117 131.2851 177.5481 174.3314 131.6967 178.7 156.6958 170.3738 162.8902
63.18788 94.25364 0 8.601884 14.20125 26.03957 33.24248 137.326 134.1081 143.1963 68.91233 138.3867 141.3436 139.839 97.93889 132.6912 86.80059 143.989 154.0792 114.3756 148.5071 158.9995 162.7379 136.0538 147.0499 135.0451 138.1959 142.3742 141.5176 147.3904 147.5476 168.9167 158.5879 164.1173 163.7385 176.4247
55.2258 85.70225 8.601884 0 21.67761 33.75288 40.63558 128.7245 125.5149 134.6704 74.54201 129.9477 132.9899 131.7543 102.6298 124.6796 91.57101 136.1993 146.592 118.3152 141.4284 152.1089 156.8352 138.2994 142.0079 132.0189 135.1481 143.8827 138.8065 148.8036 148.6012 164.3699 159.1045 162.0408 162.9812 173.9616
76.90291 105.0478 14.20125 21.67761 0 12.07839 19.07502 148.7931 145.2993 153.6117 55.27292 148.239 150.7374 148.1129 84.90661 140.7331 73.75143 151.2397 160.3739 101.965 153.7171 163.6774 165.0971 125.3825 147.7135 132.0787 135.2405 132.575 137.9614 137.6877 138.3078 168.4778 150.0104 159.3648 156.9451 172.2403
88.97522 116.3066 26.03957 33.75288 12.07839 0 7.511565 160.2646 156.657 164.6005 45.71239 158.9575 161.2128 157.98 76.17298 150.4906 65.10062 160.4982 169.0108 94.06306 161.6779 171.2422 171.02 119.5984 152.4568 133.9829 137.1274 127.7625 139.3025 132.9506 134.0825 172.2374 146.4275 159.4829 155.1416 172.8019
95.81478 121.5338 33.24248 40.63558 19.07502 7.511565 0 165.6932 161.9452 169.4551 38.50543 163.5348 165.5452 161.7517 69.14514 154.1793 58.13777 163.7391 171.726 87.29957 163.8788 173.1221 171.7143 113.6732 152.3975 132.1789 135.3006 122.2735 137.1368 127.4851 128.8642 171.4794 141.5009 156.5341 151.1278 170.0782
81.70203 44.38356 137.326 128.7245 148.7931 160.2646 165.6932 0 5.656854 17.77951 187.5685 24.74539 31.4347 45.41428 205.1266 47.42362 196.4898 58.45725 72.75203 212.4438 82.21922 92.19779 117.2775 213.7494 125.4562 150.6552 152.1611 210.916 158.8592 213.8095 209.8993 147.1785 212.2434 182.7573 200.3165 186.0148
80.00347 40.41883 134.1081 125.5149 145.2993 156.657 161.9452 5.656854 0 14.92574 183.1102 20.23366 27.09838 40.57885 200.2499 42.15448 191.7192 53.64 68.16349 207.3353 77.20104 87.39422 112.1622 208.3175 119.9635 145 146.5094 205.3945 153.2066 208.2635 204.3289 141.822 206.6186 177.1258 194.6597 180.4417
92.38206 49.03288 143.1963 134.6704 153.6117 164.6005 169.4551 17.77951 14.92574 0 188.0734 9.697709 14.97503 29.704 203.2618 33.55261 195.2836 42.39136 55.99016 209.0291 66.51399 75.80301 101.7212 207.5839 111.9674 139.9206 141.1516 203.7059 147.8784 206.2529 201.9789 132.6331 203.2397 170.9127 189.7857 173.1522
127.2865 143.4411 68.91233 74.54201 55.27292 45.71239 38.50543 187.5685 183.1102 188.0734 0 180.7783 181.4232 174.7475 30.8368 166.9582 20.15131 173.89 178.9022 49.62764 168.6138 175.9163 168.437 79.00832 145.9169 117.6148 120.4714 89.421 120.4803 94.63019 97.13269 160.7795 110.8667 135.2015 124.6621 149.5045
90.75499 45.19783 138.3867 129.9477 148.239 158.9575 163.5348 24.74539 20.23366 9.697709 180.7783 0 6.911284 20.77528 195.1393 23.94719 187.3824 33.76366 48.01982 200.4531 57.69287 67.47319 92.8578 198.3774 102.4497 130.227 131.4542 194.3207 138.181 196.8142 192.4919 123.3838 193.6316 161.2363 180.0925 163.566
95.79855 49.42267 141.3436 132.9899 150.7374 161.2128 165.5452 31.4347 27.09838 14.97503 181.4232 6.911284 0 14.75433 194.7711 19.43882 187.309 27.44133 41.35275 199.4311 51.54481 60.98864 86.7519 196.2128 97.29631 126.2654 127.3644 191.7244 134.0849 194.0656 189.5979 117.71 190.2738 156.7081 176.1036 158.5898
100.1206 52.91233 139.839 131.7543 148.1129 157.98 161.7517 45.41428 40.57885 29.704 174.7475 20.77528 14.75433 0 186.162 7.790333 179.256 13.06147 27.81374 189.6832 36.92533 46.81752 72.11011 184.6865 82.69795 112.6009 113.5652 179.5978 120.2675 181.7299 177.0788 102.9559 177.1794 142.4769 162.3389 144.052
152.6258 162.1427 97.93889 102.6298 84.90661 76.17298 69.14514 205.1266 200.2499 203.2618 30.8368 195.1393 194.7711 186.162 0 178.4554 11.15573 183.2132 185.8127 19.42327 173.9933 179.5281 167.4614 51.92505 143.2709 109.603 112.0158 64.10138 110.3295 69.06996 72.76189 153.891 87.12877 119.8124 104.7016 134.2424
94.95379 47.96604 132.6912 124.6796 140.7331 150.4906 154.1793 47.42362 42.15448 33.55261 166.9582 23.94719 19.43882 7.790333 178.4554 0 171.5029 14.39618 29.30297 182.1359 35.51056 46.49727 70.11227 177.6165 78.52547 106.827 107.9352 172.7789 114.6571 175.0146 170.4604 99.78425 170.9247 137.4166 156.6679 139.6196
142.0509 153.1141 86.80059 91.57101 73.75143 65.10062 58.13777 196.4898 191.7192 195.2836 20.15131 187.3824 187.309 179.256 11.15573 171.5029 0 176.9421 180.3152 29.47647 168.9564 175.0976 164.5726 59.80511 140.8723 109.0011 111.6076 71.02679 110.5825 76.16069 79.22472 153.1206 93.34077 122.306 109.1581 136.7522
108.9731 62.18742 143.989 136.1993 151.2397 160.4982 163.7391 58.45725 53.64 42.39136 173.89 33.76366 27.44133 13.06147 183.2132 14.39618 176.9421 0 15.12237 185.4385 24.15057 33.75639 59.34569 178.2899 71.41778 103.3308 104.0397 172.4195 110.6752 174.2557 169.3601 90.72575 168.609 131.9799 152.7032 132.8007
122.7328 76.4427 154.0792 146.592 160.3739 169.0108 171.726 72.75203 68.16349 55.99016 178.9022 48.01982 41.35275 27.81374 185.8127 29.30297 180.3152 15.12237 0 186.468 14.25634 20.08914 47.23395 176.5921 63.11423 98.13809 98.40998 169.6844 104.8382 171.0912 165.8768 79.85172 163.8724 124.3486 146.3934 123.748
165.7841 170.7048 114.3756 118.3152 101.965 94.06306 87.29957 212.4438 207.3353 209.0291 49.62764 200.4531 199.4311 189.6832 19.42327 182.1359 29.47647 185.4385 186.468 0 173.8584 178.1911 163.4368 33.85736 138.6777 102.5583 104.5943 46.90428 101.8574 51.5651 55.95837 146.403 70.38995 107.6695 89.984 121.8862
122.9494 78.49995 148.5071 141.4284 153.7171 161.6779 163.8788 82.21922 77.20104 66.51399 168.6138 57.69287 51.54481 36.92533 173.9933 35.51056 168.9564 24.15057 14.25634 173.8584 0 11.98858 35.20728 162.9756 49.00255 83.9345 84.17244 155.804 90.58835 157.1168 151.8459 66.82278 149.6705 110.2054 132.1422 109.934
134.8906 90.46376 158.9995 152.1089 163.6774 171.2422 173.1221 92.19779 87.39422 75.80301 175.9163 67.47319 60.98864 46.81752 179.5281 46.49727 175.0976 33.75639 20.08914 178.1911 11.98858 0 27.53196 165.1586 46.54169 83.91268 83.69902 157.1461 89.77671 158.0704 152.5553 60.58544 149.253 107.272 130.3573 105.4815
148.9962 108.3623 162.7379 156.8352 165.0971 171.02 171.7143 117.2775 112.1622 101.7212 168.437 92.8578 86.7519 72.11011 167.4614 70.11227 164.5726 59.34569 47.23395 163.4368 35.20728 27.53196 0 146.3536 24.94685 63.27612 62.30142 136.9849 67.58408 137.2589 131.4222 33.18597 126.4753 81.87943 105.999 78.75559
179.2868 175.2955 136.0538 138.2994 125.3825 119.5984 113.6732 213.7494 208.3175 207.5839 79.00832 198.3774 196.2128 184.6865 51.92505 177.6165 59.80511 178.2899 176.5921 33.85736 162.9756 165.1586 146.3536 0 121.4941 83.12091 84.36345 13.66874 79.98927 17.85045 22.88811 124.226 37.06494 79.49793 58.63773 92.9997
142.5674 107.4268 147.0499 142.0079 147.7135 152.4568 152.3975 125.4562 119.9635 111.9674 145.9169 102.4497 97.29631 82.69795 143.2709 78.52547 140.8723 71.41778 63.11423 138.6777 49.00255 46.54169 24.94685 121.4941 0 38.55191 37.83186 112.3646 43.54882 112.8293 107.096 24.59908 102.9684 61.23739 83.83328 61.4017
147.4863 122.7863 135.0451 132.0189 132.0787 133.9829 132.1789 150.6552 145 139.9206 117.6148 130.227 126.2654 112.6009 109.603 106.827 109.0011 103.3308 98.13809 102.5583 83.9345 83.91268 63.27612 83.12091 38.55191 0 3.162278 73.81433 8.5 74.36195 68.72008 44.28805 65.73622 34.1293 49.86592 42.99407
150.225 124.9445 138.1959 135.1481 135.2405 137.1274 135.3006 152.1611 146.5094 141.1516 120.4714 131.4542 127.3644 113.5652 112.0158 107.9352 111.6076 104.0397 98.40998 104.5943 84.17244 83.69902 62.30142 84.36345 37.83186 3.162278 0 74.68527 6.726812 75.018 69.26465 41.9485 65.62202 31.77749 48.77369 40.10242
181.7058 174.1117 142.3742 143.8827 132.575 127.7625 122.2735 210.916 205.3945 203.7059 89.421 194.3207 191.7244 179.5978 64.10138 172.7789 71.02679 172.4195 169.6844 46.90428 155.804 157.1461 136.9849 13.66874 112.3646 73.81433 74.68527 0 69.72426 5.233439 9.224954 113.1859 23.53307 66.76329 45.11242 79.94937
155.6668 131.2851 141.5176 138.8065 137.9614 139.3025 137.1368 158.8592 153.2066 147.8784 120.4803 138.181 134.0849 120.2675 110.3295 114.6571 110.5825 110.6752 104.8382 101.8574 90.58835 89.77671 67.58408 79.98927 43.54882 8.5 6.726812 69.72426 0 69.74131 63.85351 44.71542 59.48109 25.69891 42.07752 35.36176
186.0399 177.5481 147.3904 148.8036 137.6877 132.9506 127.4851 213.8095 208.2635 206.2529 94.63019 196.8142 194.0656 181.7299 69.06996 175.0146 76.16069 174.2557 171.0912 51.5651 157.1168 158.0704 137.2589 17.85045 112.8293 74.36195 75.018 5.233439 69.74131 0 6.254631 112.5088 19.35071 64.85182 42.13999 77.61602
184.2938 174.3314 147.5476 148.6012 138.3078 134.0825 128.8642 209.8993 204.3289 201.9789 97.13269 192.4919 189.5979 177.0788 72.76189 170.4604 79.22472 169.3601 165.8768 55.95837 151.8459 152.5553 131.4222 22.88811 107.096 68.72008 69.26465 9.224954 63.85351 6.254631 0 106.3626 14.44147 58.60539 36.14246 71.432
167.1091 131.6967 168.9167 164.3699 168.4778 172.2374 171.4794 147.1785 141.822 132.6331 160.7795 123.3838 117.71 102.9559 153.891 99.78425 153.1206 90.72575 79.85172 146.403 66.82278 60.58544 33.18597 124.226 24.59908 44.28805 41.9485 113.1859 44.71542 112.5088 106.3626 0 99.10855 51.52744 76.70526 46.19892
191.9543 178.7 158.5879 159.1045 150.0104 146.4275 141.5009 212.2434 206.6186 203.2397 110.8667 193.6316 190.2738 177.1794 87.12877 170.9247 93.34077 168.609 163.8724 70.38995 149.6705 149.253 126.4753 37.06494 102.9684 65.73622 65.62202 23.53307 59.48109 19.35071 14.44147 99.10855 0 48.90911 24.28324 60.42726
181.2073 156.6958 164.1173 162.0408 159.3648 159.4829 156.5341 182.7573 177.1258 170.9127 135.2015 161.2363 156.7081 142.4769 119.8124 137.4166 122.306 131.9799 124.3486 107.6695 110.2054 107.272 81.87943 79.49793 61.23739 34.1293 31.77749 66.76329 25.69891 64.85182 58.60539 51.52744 48.90911 0 25.38165 14.45234
189.3807 170.3738 163.7385 162.9812 156.9451 155.1416 151.1278 200.3165 194.6597 189.7857 124.6621 180.0925 176.1036 162.3389 104.7016 156.6679 109.1581 152.7032 146.3934 89.984 132.1422 130.3573 105.999 58.63773 83.83328 49.86592 48.77369 45.11242 42.07752 42.13999 36.14246 76.70526 24.28324 25.38165 0 36.15051
190.2108 162.8902 176.4247 173.9616 172.2403 172.8019 170.0782 186.0148 180.4417 173.1522 149.5045 163.566 158.5898 144.052 134.2424 139.6196 136.7522 132.8007 123.748 121.8862 109.934 105.4815 78.75559 92.9997 61.4017 42.99407 40.10242 79.94937 35.36176 77.61602 71.432 46.19892 60.42726 14.45234 36.15051 0
