0 99.87721 114.9024 155.5192 136.0795 137.6282 190.703
99.87721 0 58.32762 162.4214 164.927 168.6786 224.8113
114.9024 58.32762 0 110.0645 120.7672 125.0309 177.8254
155.5192 162.4214 110.0645 0 35.62902 38.8504 71.51992
136.0795 164.927 120.7672 35.62902 0 4.472136 60.24828
137.6282 168.6786 125.0309 38.8504 4.472136 0 56.9357
190.703 224.8113 177.8254 71.51992 60.24828 56.9357 0
