0 114.2831 156.5575 165.6363 158.5687 161.7276 157.2986
114.2831 0 57.90586 86.4042 108.2888 126.5706 169.9116
156.5575 57.90586 0 35.51911 71.05739 93.507 153.5959
165.6363 86.4042 35.51911 0 39.60883 62.24245 127.3405
158.5687 108.2888 71.05739 39.60883 0 22.74848 88.52001
161.7276 126.5706 93.507 62.24245 22.74848 0 67.77289
157.2986 169.9116 153.5959 127.3405 88.52001 67.77289 0
