0 105.6359 142.8423 93.2326 130.3316 165.0768 176.3737 159.2065 174.3555
105.6359 0 188.4937 32.79312 201.1231 217.6167 231.5729 132.1136 222.4891
142.8423 188.4937 0 156.371 46.72368 29.62995 43.8175 109.4477 34.2783
93.2326 32.79312 156.371 0 171.6359 185.6794 199.7199 103.0305 190.2037
130.3316 201.1231 46.72368 171.6359 0 45.80348 51.58003 149.1372 57.49686
165.0768 217.6167 29.62995 185.6794 45.80348 0 14.1886 135.5251 11.71245
176.3737 231.5729 43.8175 199.7199 51.58003 14.1886 0 148.5655 16.33163
159.2065 132.1136 109.4477 103.0305 149.1372 135.5251 148.5655 0 133.6039
174.3555 222.4891 34.2783 190.2037 57.49686 11.71245 16.33163 133.6039 0
